#timestamp x y z qx qy qz qw
1742544354.471768 0.000000 -0.000000 -0.000000 0.011100 -0.094223 0.000312 0.995489
1742544425.933661 0.075010 -0.037020 0.003746 0.000586 -0.026398 0.012525 0.999573
1742544427.001978 0.217050 0.181214 0.276700 -0.011301 -0.066042 0.025467 0.997428
1742544428.320655 0.317910 -0.054024 0.720723 0.028556 -0.085258 -0.108499 0.990022
1742544429.389005 0.252509 -0.673504 0.940363 -0.039089 -0.059046 -0.225474 0.971672
1742544430.390587 0.391055 -0.994032 1.010348 -0.001528 -0.050210 -0.215250 0.975266
1742544431.475549 0.758307 -1.305680 1.034273 -0.028481 -0.068163 -0.192614 0.978490
1742544432.493918 1.108719 -1.422802 1.022580 -0.020142 -0.065208 -0.219622 0.973195
1742544433.845990 1.466766 -1.462109 0.964647 -0.012397 -0.067882 -0.219656 0.973134
1742544435.064390 1.707661 -1.554281 0.929942 -0.007998 -0.064364 -0.156380 0.985565
1742544436.066185 1.948402 -1.636931 0.895723 -0.000307 -0.074461 -0.076698 0.994270
1742544437.118082 2.073019 -1.654774 0.895742 0.006242 -0.070841 -0.046979 0.996361
1742544438.219525 2.123510 -1.711809 0.884123 0.000183 -0.069493 -0.098975 0.992660
1742544440.506443 2.352133 -1.763474 0.832576 0.005145 -0.059956 -0.093347 0.993813
1742544441.741911 2.666329 -1.794405 0.833351 0.010722 -0.064489 -0.006929 0.997837
1742544443.310842 2.879510 -1.855791 0.824969 -0.000923 -0.062894 -0.094064 0.993577
1742544444.612913 2.988214 -1.811871 0.817858 0.007824 -0.075079 -0.145085 0.986536
1742544445.831378 3.000633 -1.759968 0.789191 0.009998 -0.066114 -0.208169 0.975805
1742544447.767859 3.267644 -1.946478 0.828175 -0.000249 -0.078060 -0.149833 0.985625
1742544448.769382 3.354304 -2.057333 0.808583 -0.014905 -0.079766 -0.137226 0.987210
1742544450.889165 3.411719 -1.914738 0.825187 0.009672 -0.090569 -0.025784 0.995509
1742544451.924247 3.370366 -1.975450 0.838216 -0.003084 -0.076357 -0.134520 0.987960
1742544456.230953 3.516176 -1.894824 0.906500 0.007780 -0.080116 -0.118707 0.989661
1742544457.516296 3.563955 -2.043657 0.977476 -0.017550 -0.081359 -0.135409 0.987288
1742544459.669701 3.605946 -2.028835 0.911370 0.001730 -0.075089 -0.070059 0.994711
1742544462.156992 3.563803 -2.050546 0.920362 0.002364 -0.064325 -0.048308 0.996756
1742544464.443900 3.677619 -1.982269 0.937293 0.014406 -0.086585 -0.026313 0.995793
1742544466.012959 3.652511 -2.038261 0.988428 -0.004266 -0.071721 -0.132570 0.988566
1742544467.081151 3.652739 -2.006131 0.974052 0.004019 -0.072978 -0.139559 0.987513
1742544469.401579 3.866906 -2.031220 0.934570 0.003884 -0.072458 -0.133324 0.988413
1742544470.619877 3.912121 -2.011140 1.061360 0.005247 -0.069161 -0.149635 0.986306
1742544473.658269 3.725663 -1.971278 0.791342 0.005224 -0.049652 -0.192099 0.980105
1742544474.659885 3.625359 -2.024449 0.889772 -0.000706 -0.066218 -0.163821 0.984265
1742544478.115128 3.567552 -2.036546 0.846998 -0.010787 -0.064489 -0.256456 0.964342
1742544480.452271 3.565357 -2.087824 0.823769 -0.012149 -0.066347 -0.167986 0.983479
1742544481.603967 3.654602 -2.070679 0.838865 0.010952 -0.086271 -0.097212 0.991457
1742544483.423544 3.520986 -2.162927 0.881019 0.003887 -0.064305 -0.007391 0.997895
1742544485.476709 3.583690 -2.166717 0.883824 -0.009258 -0.087741 0.061664 0.994190
1742544486.511647 3.452895 -1.940269 1.009535 0.019640 -0.064142 0.188745 0.979732
1742544487.613381 3.570956 -1.726354 0.875893 0.004466 -0.035912 0.304587 0.951797
1742544488.798548 3.663616 -1.086879 0.759970 0.023896 -0.065204 0.325754 0.942901
1742544489.917048 3.718424 -0.523038 0.871789 0.003009 -0.058126 0.362064 0.930335
1742544490.985366 3.825504 0.148801 0.956458 0.006677 -0.057406 0.366918 0.928456
1742544492.304034 3.929766 1.045335 1.070195 0.022398 -0.038744 0.321911 0.945712
1742544493.455875 4.437852 1.795282 1.032980 0.002193 -0.078003 0.430113 0.899396
1742544494.590955 4.808035 2.564145 0.911944 0.014691 -0.060572 0.444740 0.893488
1742544495.776099 5.261460 3.280338 0.985228 0.011512 -0.062846 0.416442 0.906914
1742544497.011490 5.728562 3.913192 0.974585 0.061422 -0.088290 0.285097 0.952445
1742544498.046309 5.995876 4.089408 1.011982 0.051629 -0.072008 0.292890 0.952032
1742544499.331799 6.455093 4.094684 1.033415 0.020811 -0.100280 0.357104 0.928433
1742544500.416735 6.675706 4.187224 1.039338 0.024124 -0.073380 0.504809 0.859768
1742544501.418203 6.727189 4.281094 1.032182 0.037965 -0.078433 0.560610 0.823482
1742544502.503412 6.803738 4.387765 1.024766 0.030247 -0.070308 0.576935 0.813196
1742544503.538350 6.895928 4.510015 1.026824 0.043966 -0.090065 0.591784 0.799842
1742544505.808641 6.868305 4.478590 0.997810 0.022999 -0.055627 0.545565 0.835904
1742544506.860260 6.906107 4.576558 1.017800 0.024804 -0.080057 0.628663 0.773149
1742544507.878439 6.852175 4.636368 1.019616 0.034753 -0.058091 0.693457 0.717311
1742544509.080340 6.807552 4.676964 1.016948 0.035845 -0.064514 0.644855 0.760733
1742544515.824145 6.850410 4.598173 1.049645 0.031810 -0.064590 0.581774 0.810157
1742544516.826916 6.816978 4.610965 1.078712 0.040984 -0.068083 0.522860 0.848706
1742544519.313003 6.768147 4.488636 1.053590 0.041838 -0.073794 0.538067 0.838623
1742544520.414700 6.690289 4.252558 1.091111 0.046902 -0.081750 0.557685 0.824684
1742544521.549839 6.624795 3.930356 1.070875 0.020319 -0.051295 0.533245 0.844160
1742544524.771549 6.543538 3.836259 1.033308 0.029522 -0.069896 0.467990 0.880471
1742544527.008309 6.656330 3.819476 1.025063 0.019214 -0.062442 0.499551 0.863817
1742544528.594125 6.591652 4.013340 1.033221 0.034070 -0.070139 0.487904 0.869407
1742544530.831958 6.494687 4.130215 1.007211 0.036925 -0.066648 0.517403 0.852343
1742544533.218076 6.571856 4.275511 0.988053 0.034569 -0.073717 0.507287 0.857922
1742544535.388277 6.673254 4.336183 1.014799 0.020234 -0.071256 0.465244 0.882078
1742544536.423080 6.683310 4.464051 1.023188 0.034181 -0.071801 0.482742 0.872145
1742544541.097026 6.702833 4.512858 0.988923 0.043534 -0.064542 0.577907 0.812381
1742544544.752746 6.659466 4.049541 1.001063 0.028109 -0.072802 0.537383 0.839720
1742544545.904899 6.590613 3.905968 0.973461 0.010995 -0.075114 0.221946 0.972099
1742544547.140026 6.519288 3.859622 0.927185 0.014156 -0.076063 -0.153817 0.985066
1742544548.575354 6.310149 3.267040 0.924382 -0.008320 -0.036928 -0.199163 0.979235
1742544549.643811 6.580713 2.406778 0.835512 0.006201 -0.075006 -0.168551 0.982815
1742544550.645251 6.963371 1.717705 0.857073 -0.004149 -0.068231 -0.218143 0.973520
1742544551.713632 7.419162 1.294798 0.892708 -0.021318 -0.064711 -0.183187 0.980714
1742544552.782037 7.942570 1.062851 0.894641 0.000267 -0.061482 -0.149667 0.986823
1742544553.933900 8.629466 0.822804 0.939590 -0.006166 -0.070906 -0.212616 0.974540
1742544555.018852 9.194433 0.693825 0.741157 0.000388 -0.074638 -0.262686 0.961990
1742544556.254054 9.527093 0.592870 0.843151 0.005969 -0.053155 -0.288314 0.956041
1742544557.505992 9.935324 0.280939 0.857661 -0.027565 -0.090910 -0.220036 0.970855
1742544558.607729 10.114024 0.306882 0.682765 0.011970 -0.079757 -0.123561 0.989054
1742544559.742917 10.165989 0.240180 0.826807 -0.000270 -0.082717 -0.102996 0.991236
1742544561.846201 10.121305 0.179790 0.959701 0.006714 -0.076496 -0.119539 0.989855
1742544564.667261 10.105365 0.249982 1.066920 -0.001502 -0.068021 -0.114429 0.991099
1742544567.404854 10.177486 0.387249 1.009428 0.008395 -0.074651 -0.125282 0.989273
1742544569.875396 10.230889 0.233077 1.093367 -0.004862 -0.074916 -0.123322 0.989523
1742544574.215483 10.252385 0.368450 1.063434 0.008174 -0.075312 -0.141211 0.987077
1742544575.517514 10.258233 0.317782 1.109459 -0.000313 -0.078432 -0.193703 0.977920
1742544576.535755 10.188437 0.343108 1.104611 -0.001605 -0.070583 -0.130226 0.988967
1742544577.791576 10.187741 0.266786 1.092348 -0.011354 -0.077771 -0.137123 0.987431
1742544579.890983 10.244044 0.366414 1.122638 -0.001317 -0.076353 -0.123358 0.989420
1742544586.785259 9.856272 0.410430 1.135753 0.005082 -0.072616 -0.063433 0.995328
1742544588.204074 9.361943 0.480066 1.056620 0.003793 -0.083844 -0.134621 0.987336
1742544589.205644 9.053143 0.568387 1.169570 -0.021962 -0.063443 -0.353092 0.933177
1742544590.207231 8.821212 0.677177 1.259531 -0.019389 -0.041038 -0.687554 0.724714
1742544591.225434 8.663952 0.638104 1.210102 0.040788 0.036290 0.871454 -0.487430
1742544592.393877 8.494823 0.443859 1.164442 0.025578 0.036481 0.929117 -0.367092
1742544593.545734 8.039888 0.241218 1.184412 0.005461 -0.004859 0.992009 -0.125958
1742544594.597565 7.205293 0.189227 1.199627 0.037404 -0.011192 0.998932 0.024700
1742544595.699158 6.287601 0.351936 1.243916 0.018193 -0.021971 0.996226 0.081972
1742544597.552089 4.598367 0.620059 1.135670 0.040376 -0.021997 0.996733 0.066399
1742544598.603667 3.751624 0.740416 1.038078 -0.004824 -0.009562 0.999802 0.016786
1742544599.939128 2.450688 0.795988 0.961064 0.067090 -0.042225 0.996653 -0.019994
1742544601.207653 1.733004 0.478424 0.882363 0.039344 -0.002707 0.998992 -0.021422
1742544602.392942 1.067669 0.145739 0.829993 0.027080 0.004833 0.999614 0.003865
1742544603.394335 0.476822 0.016603 0.757769 0.051407 -0.026396 0.997965 -0.026942
1742544604.396070 -0.038835 -0.272367 0.692441 0.054646 -0.015214 0.997169 -0.049370
1742544605.631230 -0.404430 -0.536284 0.536054 0.022202 0.000092 0.998112 -0.057272
1742544606.950062 -0.622224 -0.657884 0.301320 0.020383 -0.008171 0.999492 -0.023082
1742544607.985034 -0.903472 -0.697343 0.164569 0.073869 -0.005486 0.996496 -0.038844
1742544609.070012 -0.951066 -0.604511 0.058680 0.069083 0.095822 0.990866 -0.065036
