#timestamp x y z qx qy qz qw
1743174412.632532 -0.000000 0.000000 0.000000 -0.020811 -0.179584 0.004362 0.983513
1743174414.699257 0.080736 0.006354 -0.001854 -0.013911 -0.049125 -0.002925 0.998691
1743174415.765745 0.259488 -0.000894 -0.052447 -0.006764 0.079882 -0.036853 0.996100
1743174447.467119 -0.020088 0.029034 -0.040166 -0.008365 0.080028 -0.039170 0.995988
1743174448.533709 -0.420934 0.069521 -0.009253 -0.012392 0.076749 -0.040418 0.996154
1743174449.566994 -0.709611 0.094419 0.026867 -0.015874 0.074201 -0.041911 0.996236
1743174450.600527 -1.169299 0.151681 0.039832 -0.017959 0.074690 -0.044236 0.996063
1743174451.667258 -1.488927 0.210446 0.063876 -0.021535 0.072137 -0.047381 0.996036
1743174452.800611 -1.696465 0.241971 0.087116 -0.023846 0.070850 -0.049544 0.995970
1743174453.834033 -1.807198 0.261047 0.095715 -0.024943 0.071442 -0.052329 0.995759
1743174454.967367 -2.032334 0.279802 0.104483 -0.024229 0.074079 -0.054852 0.995448
1743174456.100766 -2.675683 0.372516 0.154686 -0.021884 0.079994 -0.056353 0.994961
1743174457.300642 -3.727372 0.656990 0.187686 -0.030500 0.090632 -0.034699 0.994812
1743174458.433987 -4.403379 0.796409 0.249205 -0.017424 0.088822 -0.004539 0.995885
1743174459.467373 -4.540318 0.840948 0.269151 -0.015930 0.091792 0.003838 0.995643
1743174460.467615 -4.707705 0.896992 0.289815 -0.013766 0.091999 0.013796 0.995568
1743174472.201400 -4.206000 1.203694 0.221264 -0.008208 0.091988 0.068590 0.993361
1743174473.334743 -3.528050 1.778995 0.118593 -0.013392 0.087894 0.163790 0.982481
1743174474.468135 -3.112246 2.209906 0.087034 -0.003566 0.083991 0.226897 0.970284
1743174475.501492 -2.757160 2.694267 0.048461 -0.010930 0.074398 0.282114 0.956429
1743174476.534873 -2.247845 3.206052 -0.026619 -0.010916 0.078979 0.316412 0.945266
1743174477.601825 -1.329822 3.653297 -0.109972 -0.014086 0.084584 0.283099 0.955250
1743174478.701626 -0.302760 3.718297 -0.156610 -0.016497 0.082301 0.182629 0.979592
1743174479.768259 0.928480 3.523608 -0.247544 -0.025411 0.078487 0.057086 0.994955
1743174480.834984 1.751284 3.192090 -0.266928 -0.030317 0.080416 -0.034723 0.995695
1743174481.901758 2.635208 2.584875 -0.361027 -0.022388 0.090574 -0.142665 0.985364
1743174482.968264 3.305077 1.801202 -0.401254 -0.013594 0.089152 -0.248222 0.964496
1743174484.035451 3.822526 1.052362 -0.473775 -0.004013 0.096996 -0.324984 0.940724
1743174485.134974 4.468645 0.356898 -0.532702 0.000601 0.089802 -0.358851 0.929065
1743174486.135255 4.952913 -0.108967 -0.603908 -0.000821 0.087851 -0.358926 0.929222
1743174487.335207 5.619066 -0.623388 -0.678364 0.007739 0.082121 -0.340828 0.936500
1743174488.435109 6.274610 -0.963772 -0.744552 0.000248 0.089127 -0.308136 0.947158
1743174489.502649 6.831935 -1.210762 -0.812411 0.007792 0.090473 -0.276696 0.956658
1743174490.668743 7.849315 -1.352118 -0.874823 0.001196 0.085690 -0.192351 0.977577
1743174491.702190 8.816617 -1.214710 -0.958547 0.003987 0.083625 -0.086715 0.992709
1743174492.735485 9.939432 -0.775075 -1.056477 -0.009664 0.079923 0.035422 0.996125
1743174493.835541 11.052614 0.025119 -1.159991 -0.021145 0.073712 0.165784 0.983176
1743174494.935371 11.950055 1.009662 -1.256579 -0.039349 0.072204 0.282161 0.955837
1743174496.035605 12.819319 2.004196 -1.299569 -0.036389 0.059958 0.346956 0.935255
1743174497.068993 13.872523 2.989458 -1.342831 -0.040552 0.057375 0.354355 0.932468
1743174498.069008 15.057452 3.874230 -1.401646 -0.014830 0.066945 0.340110 0.937882
1743174499.168881 16.402979 4.777509 -1.505003 -0.000856 0.069876 0.318998 0.945175
1743174500.202236 17.743490 5.528911 -1.559002 0.003156 0.077322 0.291463 0.953447
1743174501.269288 19.052641 6.224760 -1.617882 -0.006259 0.067264 0.262360 0.962603
1743174502.335879 20.272707 6.732053 -1.664381 0.006667 0.068624 0.233389 0.969936
1743174503.369333 21.395535 7.140659 -1.749960 -0.007742 0.076590 0.204160 0.975906
1743174504.402499 22.543476 7.540380 -1.834796 -0.001024 0.082907 0.193095 0.977670
1743174505.502631 23.895817 7.966949 -1.943111 0.010349 0.090103 0.193960 0.976808
1743174506.536047 25.094391 8.364516 -2.016206 -0.004604 0.081058 0.172457 0.981665
1743174507.602480 26.624693 8.928890 -2.142590 -0.006671 0.085580 0.179959 0.979922
1743174508.602743 27.871904 9.318223 -2.228597 -0.013897 0.081062 0.158217 0.983973
1743174509.702740 29.153538 9.415586 -2.315378 -0.000473 0.073857 0.100532 0.992189
1743174510.736107 30.095455 9.394542 -2.409399 -0.004011 0.075713 0.045544 0.996081
1743174511.802870 31.325920 9.182757 -2.512978 0.009174 0.085255 -0.001526 0.996316
1743174512.802891 32.514797 8.957500 -2.594023 0.020216 0.086727 -0.037731 0.995312
1743174513.902716 33.615826 8.736580 -2.702441 0.018403 0.084647 -0.069773 0.993795
1743174514.902997 34.989136 8.395758 -2.825138 0.018129 0.096819 -0.097146 0.990384
1743174515.936385 36.588634 8.032089 -2.983612 -0.005944 0.102698 -0.107945 0.988820
1743174517.036369 38.294209 7.589487 -3.166679 -0.014602 0.095228 -0.108674 0.989398
1743174518.136226 39.970707 7.167917 -3.278159 -0.015103 0.086614 -0.097399 0.991354
1743174519.136502 41.451351 6.640475 -3.387225 -0.005392 0.091969 -0.121402 0.988319
1743174520.136504 42.933422 6.086505 -3.497182 0.001326 0.084724 -0.131597 0.987675
1743174521.169856 44.591812 5.489576 -3.687085 0.008378 0.089819 -0.145292 0.985268
1743174522.269817 46.331657 4.874485 -3.817467 0.013999 0.081666 -0.137469 0.987034
1743174523.303205 48.109867 4.363791 -3.966231 0.006210 0.078381 -0.130571 0.988316
1743174524.436690 49.890755 3.897021 -4.100618 0.005908 0.083839 -0.121443 0.989034
1743174525.503326 51.664932 3.520027 -4.235439 0.001948 0.080734 -0.104320 0.991260
1743174526.503406 53.132500 3.196098 -4.327990 0.005638 0.072602 -0.089392 0.993331
1743174527.636739 54.634823 2.766857 -4.480838 0.019862 0.081287 -0.100003 0.991462
1743174528.670114 56.188969 2.291633 -4.684193 0.032404 0.108016 -0.113232 0.987148
1743174529.703538 57.537510 1.475865 -4.838551 0.036785 0.091205 -0.182840 0.978212
1743174530.836915 59.003693 0.235959 -5.040647 0.027770 0.094089 -0.281343 0.954580
1743174531.903621 60.203800 -1.268248 -5.267601 0.038075 0.090687 -0.366720 0.925117
1743174532.970123 61.300995 -2.879901 -5.494349 0.042595 0.089752 -0.410029 0.906646
1743174534.037276 62.314911 -4.532189 -5.695087 0.042569 0.097270 -0.451238 0.886065
1743174535.103760 63.168938 -6.320345 -5.952887 0.037872 0.098782 -0.486944 0.867003
1743174536.170253 64.158615 -8.360202 -6.228783 0.049062 0.101902 -0.501566 0.857695
1743174537.203699 65.172508 -10.363262 -6.559140 0.061483 0.097786 -0.505050 0.855326
1743174538.203743 66.176788 -12.425402 -6.830238 0.060695 0.080500 -0.505489 0.856923
1743174539.270533 67.200912 -14.460422 -7.060699 0.064058 0.072932 -0.507603 0.856105
1743174540.503728 68.148720 -16.536304 -7.186081 0.057329 0.048503 -0.521479 0.849953
1743174541.503737 68.911819 -18.432817 -7.375271 0.068126 0.069488 -0.534624 0.839469
1743174542.503974 69.646347 -20.297871 -7.530614 0.034252 0.071539 -0.556580 0.826999
1743174543.537383 70.089279 -22.128836 -7.672989 0.041536 0.067093 -0.585202 0.807039
1743174544.603879 70.390495 -23.809261 -7.786252 0.050816 0.052530 -0.603444 0.794049
1743174545.637245 70.696831 -25.627039 -7.883093 0.049006 0.054027 -0.620324 0.780947
1743174546.637556 70.996414 -27.400410 -7.977904 0.047303 0.059063 -0.628818 0.773862
1743174547.703986 71.232994 -29.309179 -8.072839 0.049198 0.049460 -0.638657 0.766322
1743174548.704241 71.413361 -31.147367 -8.140918 0.025240 0.049615 -0.652890 0.755404
1743174549.837621 71.501503 -33.059525 -8.210698 0.022115 0.042410 -0.664792 0.745496
1743174550.937610 71.572151 -34.874928 -8.281953 0.047400 0.044497 -0.666988 0.742226
1743174552.104389 71.690079 -36.885040 -8.393912 0.038109 0.059372 -0.670671 0.738393
1743174553.204382 71.763321 -38.897625 -8.416464 0.032209 0.039661 -0.678044 0.733243
1743174554.337744 71.828293 -40.765434 -8.480031 0.022558 0.040567 -0.678342 0.733279
1743174555.437576 71.830978 -42.503422 -8.522594 0.026401 0.039378 -0.684276 0.727680
1743174556.471022 71.824677 -44.167187 -8.618308 0.037560 0.043116 -0.686818 0.724577
1743174557.471264 72.020348 -45.665218 -8.718058 0.038850 0.064343 -0.670119 0.738439
1743174558.537743 72.337502 -46.927437 -8.778719 0.037687 0.056506 -0.636569 0.768223
1743174559.571249 73.009247 -48.229980 -8.935872 0.026576 0.074627 -0.576712 0.813098
1743174560.671124 73.701157 -49.885914 -9.168355 0.036156 0.094360 -0.557038 0.824317
1743174561.771368 74.348885 -51.633183 -9.356097 0.019226 0.090723 -0.568292 0.817584
1743174562.837961 75.095993 -53.402908 -9.561090 -0.003921 0.097992 -0.557280 0.824513
1743174563.904748 75.776321 -55.205296 -9.756821 0.008494 0.096652 -0.529999 0.842430
1743174564.938117 76.353500 -56.793575 -9.887653 0.013195 0.078214 -0.558300 0.825839
1743174566.004884 76.956879 -58.685024 -10.042498 0.022942 0.080051 -0.573274 0.815121
1743174567.071371 77.571037 -60.745296 -10.197725 0.026165 0.076934 -0.591701 0.802052
1743174568.404721 78.187195 -63.249653 -10.250436 0.004484 0.067758 -0.604533 0.793681
1743174569.504994 78.621643 -65.191452 -10.298501 -0.007449 0.067819 -0.615134 0.785465
1743174570.604981 79.117035 -67.171143 -10.376096 0.006700 0.071181 -0.614638 0.785563
1743174571.638364 79.685959 -69.010902 -10.468572 0.022849 0.057411 -0.589531 0.805379
1743174572.738230 80.541573 -70.922691 -10.555926 0.000946 0.075329 -0.551963 0.830458
1743174573.838478 81.379066 -72.945396 -10.634838 -0.001032 0.061726 -0.545081 0.836107
1743174574.905002 82.251526 -74.956787 -10.640016 -0.005816 0.051550 -0.542648 0.838357
1743174575.905268 82.931419 -76.876175 -10.659116 0.003419 0.043345 -0.559091 0.827965
1743174576.938616 83.515381 -78.854568 -10.658662 0.013304 0.049528 -0.572686 0.818169
1743174578.038608 84.071289 -80.816246 -10.680197 0.002318 0.058705 -0.589073 0.805941
1743174579.138490 84.615761 -82.970787 -10.709294 0.000566 0.060424 -0.600706 0.797183
1743174580.205364 85.065041 -85.055115 -10.736215 0.006950 0.049824 -0.602410 0.796600
1743174581.372116 85.477394 -87.298073 -10.748048 0.003433 0.039551 -0.614450 0.787957
1743174582.405504 85.769714 -89.110207 -10.738933 -0.001588 0.045854 -0.638142 0.768551
1743174583.538872 85.982819 -90.939095 -10.749404 0.006971 0.048443 -0.637392 0.768983
1743174584.638869 86.283546 -92.524231 -10.797096 -0.000213 0.048976 -0.626148 0.778165
1743174585.672245 86.771919 -94.096970 -10.816743 0.017049 0.058194 -0.600897 0.797023
1743174586.705597 87.411919 -95.631989 -10.925580 -0.000314 0.066131 -0.567538 0.820687
1743174587.772121 88.035072 -97.434334 -10.924773 0.015461 0.055264 -0.566435 0.822106
1743174588.872393 88.714317 -99.182938 -10.939383 0.000070 0.046093 -0.552177 0.832452
1743174589.938880 89.367653 -101.000618 -10.882942 -0.008582 0.054324 -0.565671 0.822795
1743174591.039048 89.826485 -102.846382 -10.916156 0.015242 0.046498 -0.587755 0.807558
1743174592.105569 90.174515 -104.567734 -10.919523 0.010575 0.050127 -0.613987 0.787652
1743174593.139021 90.327133 -106.352707 -10.907995 0.014861 0.034411 -0.644163 0.763969
1743174594.205816 90.468040 -108.344360 -10.838718 -0.005779 0.044939 -0.667433 0.743291
1743174595.339235 90.676376 -110.506859 -10.801651 -0.014114 0.043878 -0.672249 0.738889
1743174596.406014 90.737267 -112.403534 -10.830003 -0.017727 0.045045 -0.672112 0.738865
1743174597.472603 90.861122 -114.172585 -10.879914 -0.004196 0.033043 -0.671465 0.740288
1743174598.505865 91.021072 -116.085228 -10.923619 0.007142 0.050947 -0.662108 0.747641
1743174599.539243 91.270119 -118.211189 -10.982223 0.006040 0.055376 -0.650144 0.757766
1743174600.539504 91.534515 -120.081497 -11.002580 0.019736 0.047481 -0.642045 0.764941
1743174601.606011 91.829781 -122.071297 -11.117112 0.024078 0.043550 -0.633701 0.771976
1743174602.706133 92.366623 -124.059258 -11.310960 0.010764 0.046265 -0.616663 0.785793
1743174603.739459 92.827431 -125.535286 -11.383613 0.006610 0.051478 -0.591874 0.804358
1743174604.772833 93.380096 -126.951080 -11.497387 0.011739 0.070295 -0.575053 0.815006
1743174605.806126 93.960564 -128.510406 -11.767424 0.020138 0.091926 -0.559563 0.823428
1743174606.906382 94.673798 -130.276901 -12.007220 0.033791 0.095483 -0.556559 0.824611
1743174607.939735 95.519714 -132.624390 -12.340449 0.039830 0.081743 -0.559676 0.823708
1743174609.039793 96.365898 -135.516388 -12.481030 0.030325 0.055821 -0.597060 0.799677
1743174610.206483 96.647881 -138.666962 -12.539764 0.023130 0.046432 -0.656844 0.752240
1743174611.272984 96.707214 -141.462250 -12.733999 0.047734 0.075379 -0.679580 0.728156
1743174612.340411 96.759644 -144.363022 -13.031478 0.064486 0.068812 -0.686133 0.721338
1743174613.439901 97.029366 -147.031860 -13.212403 0.032311 0.050347 -0.661790 0.747299
1743174614.473144 97.855095 -149.435593 -13.368586 0.034188 0.068200 -0.591749 0.802505
1743174615.506495 99.121780 -151.359665 -13.549171 0.029179 0.077645 -0.500729 0.861621
1743174617.473235 102.091011 -153.970825 -14.088449 0.026981 0.110297 -0.367289 0.923150
1743174618.573419 103.537552 -155.210571 -14.331644 0.020593 0.110886 -0.353047 0.928783
1743174619.606619 104.760071 -156.354172 -14.477238 0.027016 0.085414 -0.350623 0.932222
1743174620.606870 106.119614 -157.344528 -14.644041 0.013208 0.081426 -0.335999 0.938243
1743174621.673355 107.614548 -158.373978 -14.836573 0.020402 0.082020 -0.295641 0.951553
1743174622.706800 109.154442 -159.114990 -15.021951 0.017318 0.095324 -0.257321 0.961457
1743174623.707207 110.801437 -159.807526 -15.233438 0.031037 0.097332 -0.209544 0.972448
1743174624.773534 112.798767 -160.304199 -15.411650 0.011310 0.098170 -0.151309 0.983535
1743174625.840370 114.849869 -160.568146 -15.692186 0.012598 0.095312 -0.087024 0.991556
1743174626.907132 117.104424 -160.501083 -15.944943 -0.000771 0.094278 -0.011718 0.995477
1743174627.973578 119.135277 -160.281464 -16.177540 0.022873 0.088926 0.037360 0.995075
1743174628.973849 120.943924 -159.956497 -16.431824 0.002739 0.104413 0.052713 0.993132
1743174630.040368 122.850220 -159.606445 -16.733204 0.003834 0.106345 0.075526 0.991449
1743174631.040485 124.569344 -159.309708 -16.919691 0.007699 0.098445 0.083143 0.991633
1743174632.174042 126.606995 -159.098709 -17.272682 0.012015 0.119300 0.071240 0.990226
1743174633.273884 128.622879 -158.895294 -17.588072 0.012491 0.116901 0.056002 0.991485
1743174634.374002 130.823563 -158.666962 -17.974697 0.000439 0.095900 0.051641 0.994050
1743174635.473900 133.129379 -158.304169 -18.347286 0.011837 0.110324 0.069690 0.991379
1743174636.574110 135.161942 -157.584732 -18.683098 -0.019853 0.098167 0.136633 0.985546
1743174637.574116 136.687820 -156.824768 -18.965956 -0.038229 0.100439 0.190967 0.975696
1743174638.640868 138.285156 -155.822113 -19.366392 -0.050761 0.117234 0.250174 0.959735
1743174639.707375 139.642990 -154.667480 -19.735764 -0.063945 0.107820 0.302639 0.944826
1743174640.707605 140.740967 -153.630844 -19.979750 -0.043623 0.111120 0.352009 0.928353
1743174641.774106 141.652130 -152.216187 -20.271929 -0.047406 0.102678 0.421825 0.899596
1743174642.807494 142.241028 -150.649368 -20.542784 -0.063140 0.091562 0.505141 0.855840
1743174643.874393 142.557022 -149.117126 -20.726210 -0.052191 0.079126 0.576545 0.811549
1743174644.907753 142.775391 -147.652191 -20.887760 -0.054277 0.072268 0.618617 0.780477
1743174645.941133 142.979477 -146.147903 -21.076565 -0.074936 0.066917 0.635807 0.765282
1743174646.974495 143.268326 -144.642670 -21.320383 -0.064015 0.080397 0.644687 0.757507
1743174647.974503 143.484573 -143.024460 -21.578236 -0.074823 0.090975 0.652850 0.748272
1743174649.141370 143.645111 -141.280746 -21.862249 -0.071704 0.094798 0.667372 0.735177
1743174650.174622 143.743042 -139.615570 -22.161064 -0.064543 0.096816 0.678761 0.725083
1743174651.207992 143.805695 -137.928589 -22.384266 -0.053708 0.106739 0.691229 0.712688
1743174652.307991 143.728699 -136.305481 -22.633986 -0.062050 0.088588 0.704362 0.701553
1743174653.374763 143.652222 -134.635513 -22.896418 -0.083702 0.087809 0.712850 0.690745
1743174654.374798 143.603912 -132.954880 -23.081583 -0.057854 0.069568 0.720208 0.687833
1743174655.441521 143.587967 -131.110687 -23.275293 -0.052547 0.061142 0.718469 0.690871
1743174656.541486 143.589249 -129.196228 -23.457254 -0.073209 0.054358 0.708000 0.700301
1743174657.608243 143.784378 -127.409142 -23.536997 -0.047688 0.053643 0.700188 0.710342
1743174658.674729 143.965958 -125.479813 -23.623947 -0.044194 0.035431 0.681027 0.730064
1743174659.674985 144.226013 -123.635750 -23.672220 -0.026272 0.033174 0.670939 0.740304
1743174660.775050 144.603088 -121.892609 -23.634054 -0.016907 0.022301 0.636368 0.770877
1743174661.874859 145.283829 -120.258553 -23.657652 -0.010444 0.040926 0.598041 0.800352
1743174662.908239 146.065247 -118.640617 -23.685932 -0.023528 0.040241 0.560730 0.826685
1743174664.008408 147.065399 -117.039726 -23.698048 -0.024116 0.029507 0.521520 0.852388
1743174665.075122 148.137543 -115.639732 -23.716419 -0.023382 0.031752 0.476559 0.878258
1743174666.141912 149.407150 -114.322060 -23.672899 -0.010073 0.031620 0.430413 0.902022
1743174667.175255 150.727921 -113.076538 -23.712196 -0.015296 0.038536 0.384534 0.922179
1743174668.208602 152.143402 -111.983894 -23.699764 -0.016613 0.031212 0.341611 0.939176
1743174669.275116 153.634979 -110.930046 -23.735079 -0.019812 0.031907 0.310080 0.949968
1743174670.275363 155.004440 -110.128212 -23.733828 -0.000636 0.042425 0.284689 0.957680
1743174671.375367 156.295975 -109.513771 -23.708805 -0.002828 0.032004 0.250243 0.967650
1743174672.408700 157.556061 -108.987770 -23.696045 -0.015336 0.024364 0.209199 0.977449
1743174673.442115 158.852509 -108.556541 -23.599295 -0.010786 0.011878 0.176252 0.984214
1743174674.508859 160.178024 -108.249802 -23.501160 -0.014892 -0.007110 0.147687 0.988897
1743174675.508863 161.375931 -108.064949 -23.431969 -0.003824 -0.000260 0.124304 0.992237
1743174676.575508 162.238831 -107.912308 -23.376556 -0.021356 0.009000 0.099363 0.994781
1743174677.608875 162.751205 -107.879921 -23.333334 -0.018290 0.006150 0.089365 0.995812
1743174678.609059 162.897675 -107.876190 -23.315344 -0.015773 0.004588 0.085694 0.996186
1743174679.742379 163.311081 -107.865753 -23.282473 -0.005883 0.005397 0.078032 0.996919
1743174680.875790 163.722809 -107.839134 -23.259651 -0.008374 0.004975 0.068522 0.997602
1743174684.075863 163.900162 -107.846642 -23.246426 -0.005899 0.000239 0.064172 0.997921
1743174685.142372 164.522736 -107.928757 -23.195326 -0.008611 -0.006609 0.032910 0.999399
1743174686.175740 165.766953 -108.048653 -23.076708 -0.009406 -0.004223 -0.008629 0.999910
1743174687.176007 167.244095 -108.191803 -22.936829 -0.012001 -0.014462 -0.018360 0.999655
1743174688.242541 168.974869 -108.376297 -22.768141 -0.010131 -0.014887 -0.030804 0.999363
1743174689.242744 170.597839 -108.600403 -22.499941 -0.017887 -0.033891 -0.054756 0.997764
1743174690.276133 172.168320 -109.014244 -22.231730 0.001836 -0.059714 -0.070782 0.995701
1743174691.409503 173.817642 -109.350456 -21.943968 0.000505 -0.038879 -0.079821 0.996051
1743174692.442736 175.266830 -109.655937 -21.822834 0.003698 -0.015956 -0.076770 0.996914
1743174693.476219 176.746704 -109.898712 -21.677221 -0.011583 -0.014282 -0.085443 0.996173
1743174694.542851 178.349136 -110.268356 -21.512247 -0.022890 -0.015471 -0.098137 0.994789
1743174695.642801 180.243835 -110.737099 -21.374714 -0.026732 0.005815 -0.112418 0.993284
1743174696.709644 182.445190 -111.220085 -21.312483 -0.001834 0.026069 -0.096396 0.995000
1743174697.809495 185.286301 -111.631660 -21.174530 0.015855 0.013540 -0.067918 0.997473
1743174698.842857 187.586060 -111.885201 -21.078768 0.009238 0.011296 -0.056363 0.998304
1743174699.976247 189.764618 -112.143036 -21.024229 -0.001887 0.024346 -0.049485 0.998476
1743174701.043120 191.968491 -112.400909 -20.940767 0.005775 0.016261 -0.040997 0.999010
1743174702.076487 194.327652 -112.623650 -20.734198 0.009278 -0.012051 -0.034258 0.999297
1743174703.143238 196.536346 -112.864815 -20.519403 0.014205 -0.020509 -0.028673 0.999277
1743174704.209800 198.406769 -113.088860 -20.295898 0.000978 -0.035644 -0.030833 0.998888
1743174705.276616 200.052124 -113.295624 -20.016932 0.008757 -0.039917 -0.032676 0.998630
1743174706.410048 201.704239 -113.415565 -19.751196 -0.004154 -0.058925 -0.038397 0.997515
1743174707.509865 203.335571 -113.676575 -19.478239 -0.004708 -0.054395 -0.041347 0.997652
1743174708.510124 204.724899 -113.759926 -19.403910 -0.002583 -0.046640 -0.043765 0.997949
1743174709.576620 206.082016 -113.874657 -19.283894 0.015629 -0.005124 -0.033948 0.999288
1743174710.576767 207.499084 -113.672325 -19.317337 0.024216 0.031761 0.026562 0.998849
1743174711.643583 209.096298 -112.638214 -19.339262 0.035319 0.046492 0.204200 0.977186
1743174712.776876 210.228668 -111.011307 -19.334585 0.024520 0.029520 0.388713 0.920559
1743174713.876762 210.638016 -108.976189 -19.298456 0.011294 0.036640 0.561694 0.826456
1743174714.877036 210.580994 -106.875854 -19.220854 0.012751 0.031934 0.675689 0.736385
1743174715.910383 210.297043 -104.619896 -19.052235 0.014585 0.022247 0.732755 0.679972
1743174717.010380 210.167648 -102.247269 -18.864744 0.014087 0.016764 0.731926 0.681032
1743174718.077128 210.175903 -99.726608 -18.742840 0.001022 0.029770 0.715552 0.697924
1743174719.177317 210.518326 -96.932137 -18.665794 0.004098 0.034457 0.674805 0.737180
1743174720.343848 211.290634 -94.368462 -18.611343 0.012945 0.041514 0.622380 0.781506
1743174721.377295 212.028442 -92.649902 -18.580256 0.004858 0.036954 0.576420 0.816303
1743174722.477283 213.096237 -90.927940 -18.688351 -0.002834 0.069919 0.525057 0.848186
1743174723.543985 214.337112 -89.124214 -18.778641 -0.006120 0.065823 0.482785 0.873240
1743174724.577369 215.532974 -87.313797 -18.820772 -0.008890 0.044886 0.480426 0.875841
1743174725.643877 216.695389 -85.485588 -18.837044 -0.004879 0.048005 0.485037 0.873161
1743174726.677347 217.680084 -83.707977 -18.868727 -0.002254 0.048790 0.502147 0.863402
1743174727.677367 218.596390 -81.939659 -18.946865 -0.012947 0.059969 0.513436 0.855932
1743174728.710613 219.534714 -80.252464 -19.027849 0.004020 0.070562 0.522402 0.849765
1743174729.710905 220.255280 -78.760948 -19.152348 -0.008223 0.082081 0.532671 0.842293
1743174730.777382 220.993042 -77.053467 -19.323612 -0.009511 0.076926 0.545953 0.834222
1743174731.844248 221.767944 -75.188728 -19.428885 -0.023142 0.070074 0.553561 0.829533
1743174732.877620 222.540314 -73.398766 -19.526012 -0.018461 0.058246 0.551681 0.831814
1743174733.977476 223.421631 -71.478012 -19.632803 -0.015092 0.063073 0.546746 0.834783
1743174735.044371 224.202637 -69.755974 -19.760862 -0.025353 0.061876 0.546957 0.834486
1743174736.077732 224.999191 -68.134460 -19.882782 -0.018082 0.077503 0.543729 0.835479
1743174737.144589 225.948578 -66.329803 -20.043613 -0.017427 0.075554 0.528042 0.845671
1743174738.210994 226.937820 -64.447609 -20.247169 -0.029650 0.081418 0.523422 0.847656
1743174739.277852 227.892075 -62.625816 -20.460686 -0.029428 0.084617 0.525020 0.846362
1743174740.377743 228.930176 -60.739830 -20.623655 -0.032510 0.070669 0.524684 0.847736
1743174741.377881 229.806076 -59.143047 -20.791691 -0.034165 0.072500 0.520583 0.850041
1743174742.444608 230.726318 -57.526257 -20.944208 -0.031235 0.078761 0.515895 0.852452
1743174743.511380 231.639755 -56.139645 -21.105263 -0.004953 0.079154 0.507310 0.858107
1743174744.611363 232.500641 -54.778156 -21.298075 -0.022596 0.085552 0.494989 0.864382
1743174745.644777 233.710632 -53.251865 -21.606152 -0.022674 0.116933 0.465333 0.877085
1743174746.711504 235.203766 -51.612583 -21.840853 -0.014457 0.095183 0.428570 0.898364
1743174747.744858 236.772675 -50.245037 -22.084410 -0.005202 0.094922 0.385127 0.917954
1743174748.778238 238.388748 -49.128044 -22.348679 0.009899 0.116478 0.340047 0.933115
1743174749.778242 239.863510 -48.221973 -22.584433 -0.001568 0.113542 0.303343 0.946091
1743174750.878106 241.581467 -47.372959 -22.953165 0.011836 0.140638 0.265289 0.953783
1743174751.944999 243.103775 -46.630527 -23.228462 -0.027915 0.120522 0.236053 0.963833
1743174752.978357 244.751953 -45.946148 -23.556437 -0.034390 0.130776 0.208305 0.968671
1743174754.045126 246.593994 -45.180878 -23.910513 -0.048955 0.116531 0.195406 0.972543
1743174755.078498 248.491302 -44.514862 -24.186050 -0.021335 0.110076 0.186409 0.976053
1743174756.178498 250.946655 -43.658745 -24.499548 -0.006905 0.088409 0.186103 0.978520
1743174757.245149 253.784393 -42.570251 -24.704519 -0.011938 0.069303 0.189682 0.979324
1743174758.278361 256.497253 -41.619499 -24.840353 -0.001341 0.051648 0.184175 0.981535
1743174759.345263 259.100281 -40.853424 -24.893412 0.010146 0.049942 0.174897 0.983267
1743174760.411979 261.723755 -40.249260 -24.932695 0.012408 0.043281 0.124100 0.991248
1743174761.478501 264.269318 -40.368023 -24.947575 0.016905 0.048051 0.022865 0.998440
1743174762.511916 266.482971 -41.073257 -24.956594 0.013152 0.033583 -0.102390 0.994090
1743174763.578731 268.127960 -42.543701 -24.925413 0.022434 0.027867 -0.271634 0.961735
1743174764.678642 269.332520 -44.382092 -24.881830 0.015664 0.016993 -0.410088 0.911753
1743174765.678870 270.202972 -46.572289 -24.787720 0.005092 0.015235 -0.511052 0.859400
1743174766.745369 270.677246 -49.066280 -24.510880 -0.026272 -0.004243 -0.607026 0.794236
1743174767.745654 270.978027 -51.246494 -24.273003 -0.036416 -0.020722 -0.634332 0.771925
1743174768.845648 271.225586 -53.061623 -24.004078 -0.029833 -0.030671 -0.640390 0.766857
1743174769.947063 271.503357 -54.733009 -23.771957 -0.029663 -0.028163 -0.634885 0.771523
1743174771.045761 271.824127 -56.251671 -23.556524 -0.030879 -0.027314 -0.624183 0.780190
1743174772.145734 272.251068 -57.978523 -23.327627 -0.032329 -0.029388 -0.624404 0.779879
1743174773.145746 272.664001 -59.691750 -23.087364 -0.020120 -0.015996 -0.616477 0.786953
1743174774.245582 273.102051 -61.635391 -22.924730 -0.009592 -0.002590 -0.612731 0.790229
1743174775.278997 273.645416 -63.389793 -22.794409 0.012602 -0.007375 -0.583701 0.811838
1743174776.345861 274.508392 -65.338745 -22.676632 -0.014035 0.006559 -0.560573 0.827960
1743174780.045885 277.735931 -71.256180 -22.492336 -0.001423 0.027798 -0.476459 0.878756
1743174781.079367 278.559143 -72.479141 -22.493504 0.004481 0.031417 -0.469002 0.882627
1743174782.179223 279.210938 -73.466568 -22.479589 0.008884 0.032657 -0.466125 0.884071
1743174783.246155 279.379211 -73.691559 -22.479288 0.008551 0.031322 -0.466426 0.883964
1743174789.746362 279.510986 -73.944389 -22.461563 0.005455 0.030221 -0.468682 0.882833
1743174790.779757 279.996674 -74.934906 -22.444832 0.017509 0.022404 -0.483270 0.875010
1743174791.846521 280.758514 -76.447701 -22.418056 0.017130 0.016190 -0.505324 0.862608
1743174792.912993 281.532654 -78.264252 -22.434683 0.023492 0.017165 -0.521198 0.852940
1743174793.913306 282.295715 -80.274460 -22.447826 0.022916 0.026517 -0.544218 0.838212
1743174795.013300 283.165222 -82.868958 -22.501211 0.024331 0.049660 -0.568650 0.820719
1743174796.046547 283.910522 -85.288544 -22.597816 0.031891 0.048817 -0.577491 0.814312
1743174797.079994 284.658478 -87.733337 -22.709549 0.027716 0.053073 -0.581437 0.811385
1743174798.080014 285.250000 -90.090919 -22.854795 0.030893 0.063612 -0.598685 0.797857
1743174799.113390 285.662506 -92.289566 -23.006275 0.026525 0.069625 -0.619096 0.781773
1743174800.180107 285.920471 -94.418396 -23.133261 0.032476 0.060866 -0.635377 0.769114
1743174801.213522 286.183350 -96.348801 -23.327587 0.038095 0.072023 -0.638409 0.765373
1743174802.346863 286.504303 -98.515900 -23.482292 0.036821 0.069553 -0.640857 0.763616
1743174803.480239 286.780701 -100.805824 -23.750679 0.054203 0.073591 -0.647365 0.756680
1743174804.513608 286.994293 -102.787910 -23.943451 0.038265 0.060542 -0.649284 0.757166
1743174805.580104 287.388275 -104.961098 -24.202097 0.054800 0.086814 -0.640475 0.761086
1743174806.647007 288.050201 -107.347893 -24.501842 0.059914 0.066077 -0.598725 0.795973
1743174807.713736 289.006592 -109.973061 -24.845871 0.078353 0.054537 -0.561932 0.821656
1743174808.813736 290.149811 -112.698845 -25.139004 0.056837 0.052910 -0.546025 0.834162
1743174809.880538 291.283081 -115.078644 -25.327492 0.061163 0.052173 -0.527771 0.845573
1743174810.913862 292.625824 -117.536133 -25.705364 0.063455 0.074063 -0.504576 0.857841
1743174812.047243 294.361877 -120.226685 -26.094471 0.043835 0.072376 -0.477167 0.874730
1743174813.113755 295.887665 -122.379021 -26.284149 0.034219 0.055815 -0.455026 0.888068
1743174814.147118 297.167145 -124.136620 -26.528715 0.034094 0.068635 -0.447302 0.891093
1743174815.280518 298.294403 -125.746300 -26.746807 0.038687 0.067391 -0.438497 0.895367
1743174816.313870 299.420258 -127.016121 -26.942196 0.032359 0.085545 -0.418767 0.903476
1743174817.313879 300.692566 -128.209763 -27.110811 0.023855 0.066833 -0.382034 0.921420
1743174818.314116 302.381104 -129.431717 -27.269218 0.033466 0.058975 -0.327231 0.942508
1743174819.380648 304.421997 -130.624084 -27.432465 0.022056 0.062202 -0.281227 0.957369
1743174820.514006 306.771179 -132.079819 -27.644041 0.019889 0.063886 -0.270942 0.960267
1743174821.647367 309.080658 -133.555328 -27.751247 0.027723 0.043851 -0.270920 0.961203
1743174822.714253 311.221832 -134.789719 -27.871157 0.018663 0.048093 -0.250282 0.966798
1743174823.780978 313.459106 -136.176071 -27.973862 0.012498 0.046221 -0.255182 0.965707
1743174824.780984 315.402649 -137.365555 -28.059793 0.015572 0.030913 -0.253007 0.966845
1743174825.914356 317.698792 -138.759674 -28.126276 0.022210 0.050082 -0.254257 0.965584
1743174826.981091 319.809357 -140.123398 -28.210028 0.029955 0.042893 -0.268582 0.961835
1743174828.014498 321.333740 -141.323410 -28.246819 0.032865 0.041326 -0.303970 0.951217
1743174829.114491 322.729095 -142.604614 -28.312296 0.025428 0.034541 -0.344629 0.937759
1743174830.181254 323.912750 -144.114777 -28.408314 0.055153 0.028628 -0.379461 0.923119
1743174831.247731 325.292053 -145.983429 -28.524509 0.071759 0.029658 -0.428534 0.900183
1743174832.247870 326.784454 -147.952713 -28.672884 0.063338 0.035170 -0.438820 0.895650
1743174833.281110 328.332977 -150.048248 -28.684647 0.038533 0.023176 -0.449258 0.892270
1743174834.314479 329.848816 -152.172104 -28.761705 0.036912 0.032707 -0.457549 0.887816
1743174835.381387 331.431549 -154.378357 -28.824350 0.034898 0.031516 -0.453744 0.889891
1743174836.414756 332.834351 -156.361603 -28.889715 0.029794 0.032431 -0.455470 0.889161
1743174837.448139 334.271240 -158.384079 -28.942781 0.026346 0.028347 -0.458449 0.887878
1743174838.481480 335.647858 -160.336899 -28.964905 0.025845 0.027932 -0.457824 0.888228
1743174839.581351 337.076508 -162.357086 -29.012466 0.034279 0.030607 -0.458142 0.887691
1743174840.581681 338.404114 -164.286865 -29.092375 0.042510 0.035396 -0.457083 0.887702
1743174841.615000 339.932373 -166.434937 -29.180977 0.037270 0.031713 -0.456370 0.888444
1743174842.618285 341.350647 -168.466843 -29.227274 0.036341 0.022193 -0.459240 0.887291
1743174843.714862 342.776581 -170.513123 -29.270094 0.034680 0.018834 -0.448696 0.892812
1743174844.748263 344.300568 -172.453964 -29.399185 0.071902 0.039149 -0.428161 0.899986
1743174845.881590 346.439606 -174.456604 -29.581310 0.036183 0.043187 -0.385798 0.920861
1743174846.948494 348.578308 -176.187302 -29.648069 0.020657 0.037067 -0.348813 0.936231
1743174847.981816 350.746460 -177.652313 -29.791384 0.032056 0.055291 -0.303504 0.950684
1743174849.081831 353.108093 -178.904922 -29.966373 0.037115 0.059193 -0.252546 0.965059
1743174850.181769 355.275360 -179.729660 -30.183512 0.037384 0.069904 -0.197603 0.977072
1743174851.215280 357.335815 -180.331451 -30.440052 0.050608 0.077897 -0.153239 0.983813
1743174852.282153 359.744263 -180.669312 -30.757401 0.021117 0.098075 -0.107047 0.989180
1743174853.315442 362.018799 -180.913803 -31.010307 0.007962 0.080735 -0.072113 0.994092
1743174854.482239 364.468994 -181.196548 -31.210623 0.030612 0.063607 -0.057485 0.995848
1743174855.515509 366.784485 -181.403473 -31.404877 0.024596 0.063272 -0.045043 0.996676
1743174856.548870 369.095123 -181.563095 -31.592339 0.011009 0.071803 -0.047339 0.996234
1743174857.582277 371.380981 -181.805573 -31.884666 0.006721 0.091790 -0.048041 0.994596
1743174858.715613 373.597168 -181.864014 -32.068546 -0.010712 0.067396 -0.029241 0.997240
1743174859.715619 375.458313 -181.773468 -32.178886 -0.019166 0.055737 -0.000369 0.998261
1743174860.815482 377.229797 -181.633530 -32.259857 0.016567 0.058731 0.038286 0.997402
1743174861.882366 378.519806 -181.397018 -32.306335 0.014458 0.045957 0.060517 0.997004
1743174862.982243 379.628876 -181.078568 -32.340084 0.009348 0.043906 0.095548 0.994412
1743174864.049112 380.907471 -180.678085 -32.362434 0.017225 0.041261 0.132317 0.990199
1743174865.082492 382.239075 -180.172852 -32.427631 0.004231 0.038438 0.153776 0.987349
1743174866.149113 383.707733 -179.535278 -32.433781 -0.001494 0.039888 0.174918 0.983774
1743174867.149303 385.202728 -178.990692 -32.449120 0.021393 0.035121 0.182926 0.982266
1743174868.182660 386.625336 -178.413773 -32.487240 0.004490 0.034661 0.183266 0.982442
1743174869.215999 387.841431 -177.932922 -32.556511 -0.001140 0.043188 0.185408 0.981712
1743174870.315978 389.080566 -177.540237 -32.661018 -0.005857 0.054093 0.167388 0.984389
1743174871.349352 390.534485 -177.400681 -32.860752 0.011548 0.084445 0.111860 0.990062
1743174872.482736 392.347778 -177.470917 -32.981945 0.002381 0.079087 0.026978 0.996500
1743174873.582611 394.281464 -177.968338 -33.118889 0.019737 0.052052 -0.066679 0.996220
1743174874.582865 396.168060 -178.777390 -33.233627 0.023008 0.051180 -0.152880 0.986650
1743174875.582957 398.194183 -179.793335 -33.336067 0.041304 0.037725 -0.200766 0.978041
1743174876.716229 400.702026 -181.048172 -33.523026 0.046163 0.049664 -0.225719 0.971830
1743174877.849600 402.975525 -182.352997 -33.645649 0.030111 0.038144 -0.254468 0.965859
1743174878.949492 404.916077 -183.651016 -33.814396 0.036713 0.045721 -0.270490 0.960935
1743174879.949725 406.734131 -184.774811 -33.937862 0.020945 0.049364 -0.272970 0.960527
1743174881.049828 408.744476 -186.093811 -33.953915 0.024958 0.024840 -0.282724 0.958555
1743174882.050492 410.452057 -187.194824 -33.979599 0.032292 0.018848 -0.278094 0.959826
1743174883.083129 412.198700 -188.296646 -34.001678 0.033812 0.017267 -0.278674 0.959635
1743174884.116542 413.882294 -189.536285 -33.974133 0.027243 0.015824 -0.303589 0.952282
1743174885.183233 415.535522 -191.118942 -33.956516 0.015342 0.013467 -0.352441 0.935611
1743174886.283218 417.149200 -192.752151 -33.885956 0.009691 0.003811 -0.372260 0.928070
1743174887.383123 418.622833 -194.389908 -33.686375 0.003133 -0.020632 -0.395755 0.918119
1743174888.449995 419.869629 -195.920883 -33.538136 -0.002040 -0.018289 -0.438553 0.898517
1743174889.516788 421.090424 -197.691833 -33.376667 0.022534 -0.020795 -0.442286 0.896350
1743174890.550117 422.357208 -199.479172 -33.160973 -0.001156 -0.028067 -0.461365 0.886766
1743174891.683482 423.639099 -201.369186 -32.931519 -0.002907 -0.033011 -0.457423 0.888631
1743174892.683505 424.702209 -202.931992 -32.670345 0.000314 -0.042199 -0.452249 0.890893
1743174893.750234 425.643097 -204.264587 -32.441265 0.001350 -0.042791 -0.451209 0.891391
1743174894.816750 426.404785 -205.294189 -32.238617 -0.009892 -0.055272 -0.456997 0.887694
1743174895.883630 427.100128 -206.319458 -31.996962 0.003255 -0.075143 -0.464031 0.882620
1743174897.017018 427.932007 -207.370377 -31.786827 -0.006477 -0.063585 -0.464623 0.883199
1743174898.116876 428.768738 -208.455002 -31.595243 -0.000551 -0.053360 -0.463509 0.884484
1743174899.183737 429.663177 -209.608231 -31.506184 -0.001628 -0.029974 -0.434286 0.900275
1743174900.283618 430.518311 -210.793808 -31.315029 -0.015737 -0.020713 -0.447592 0.893860
1743174901.283755 431.242554 -211.931717 -31.185205 -0.022479 -0.034411 -0.457757 0.888127
1743174902.317130 431.879913 -213.036209 -31.048574 0.017049 -0.054948 -0.465938 0.882945
1743174903.317278 432.433716 -213.857758 -30.867252 0.014473 -0.041898 -0.474500 0.879139
1743174904.450621 432.910583 -214.809738 -30.758755 0.031399 -0.030480 -0.474523 0.879155
1743174905.450625 433.351440 -215.563034 -30.741018 0.035906 -0.030756 -0.475541 0.878422
1743174906.583986 434.047699 -216.693039 -30.648758 0.026056 -0.004395 -0.482458 0.875521
1743174907.683851 434.739441 -218.099686 -30.606245 0.017917 0.004727 -0.484275 0.874720
1743174908.684132 435.585205 -219.657150 -30.628641 0.013745 0.019197 -0.493949 0.869170
1743174909.750616 436.380371 -221.313812 -30.615969 0.015899 0.035013 -0.506435 0.861421
1743174910.817579 437.133240 -223.034363 -30.657270 0.030274 0.020965 -0.519229 0.853842
1743174911.850875 437.777893 -224.636841 -30.720240 0.041787 0.019557 -0.532625 0.845093
1743174912.918211 438.363464 -226.195862 -30.743349 0.038384 0.011183 -0.547406 0.835912
1743174913.950997 438.850464 -227.785904 -30.782372 0.043070 0.017506 -0.563043 0.825119
1743174914.984384 439.386993 -229.649414 -30.837061 0.033486 0.040340 -0.582477 0.811155
1743174916.184392 439.946045 -232.244522 -31.046474 0.022730 0.067140 -0.610889 0.788537
1743174917.317824 440.618774 -235.431427 -31.323832 0.024304 0.071741 -0.613239 0.786257
1743174918.351148 441.516510 -238.764923 -31.618090 0.023463 0.072928 -0.595773 0.799491
1743174919.384688 442.795532 -242.528976 -32.023716 0.026968 0.071292 -0.564987 0.821572
1743174920.417849 444.340820 -246.495346 -32.427891 0.029254 0.075500 -0.536658 0.839906
1743174921.484480 446.478241 -250.817276 -32.957474 0.038040 0.077626 -0.506415 0.857946
1743174922.551234 448.977142 -255.052689 -33.546230 0.039492 0.079224 -0.484810 0.870128
1743174923.584613 451.310699 -259.050629 -34.173233 0.041391 0.083344 -0.485008 0.869545
1743174924.651357 453.516449 -263.170959 -34.841820 0.046565 0.082869 -0.487567 0.867896
1743174925.684738 455.828918 -267.311676 -35.490051 0.047639 0.078548 -0.487238 0.868424
1743174926.851274 458.434784 -272.132935 -36.230114 0.062240 0.077835 -0.486682 0.867876
1743174927.851487 460.694611 -276.365387 -36.879642 0.066326 0.069633 -0.488480 0.867260
1743174928.851490 462.829803 -280.747742 -37.528202 0.069535 0.073784 -0.501396 0.859257
1743174930.118347 465.327606 -286.343689 -38.450272 0.070659 0.080288 -0.523473 0.845303
1743174931.184728 466.877869 -290.782959 -39.196644 0.078435 0.080309 -0.553036 0.825560
1743174932.184980 467.900635 -294.869324 -39.887180 0.081754 0.078129 -0.594075 0.796421
1743174933.251478 468.236938 -299.407623 -40.736000 0.079400 0.071323 -0.664332 0.739778
1743174934.318687 467.340118 -304.122864 -41.538174 0.089432 0.071247 -0.755072 0.645595
1743174935.385114 465.314484 -308.552094 -42.374207 0.097157 0.067012 -0.827441 0.549009
1743174936.518475 461.998810 -312.818085 -43.437088 -0.106086 -0.069242 0.886333 -0.445383
1743174937.551944 457.932343 -316.473053 -44.438076 -0.100762 -0.052757 0.922468 -0.368940
1743174938.585697 453.241730 -319.453033 -45.312157 -0.091470 -0.037711 0.951928 -0.289905
1743174939.651746 447.770996 -321.537537 -45.946602 -0.071240 -0.025841 0.980468 -0.181494
1743174940.718619 442.144348 -322.510834 -46.509106 -0.071821 -0.026306 0.992198 -0.098454
1743174941.752019 436.753296 -323.407776 -47.044823 -0.067556 -0.026275 0.993381 -0.089111
1743174942.785364 430.939606 -324.276794 -47.594070 -0.071882 -0.027800 0.992956 -0.089988
1743174943.851863 424.851746 -325.164520 -48.127930 -0.071412 -0.046050 0.992479 -0.088123
1743174944.885228 418.802277 -326.063782 -48.703995 -0.066270 -0.046074 0.992546 -0.091311
1743174945.952442 412.631927 -327.398254 -49.239132 -0.058772 -0.053302 0.988244 -0.130686
1743174947.018876 406.779785 -329.460876 -49.800560 -0.054077 -0.065550 0.977233 -0.194407
1743174948.118867 401.742004 -332.150208 -50.237419 -0.042844 -0.053292 0.959223 -0.274256
1743174949.218728 397.851654 -335.621185 -50.568523 -0.040597 -0.054855 0.918408 -0.389704
1743174950.218999 395.949158 -338.691345 -50.963776 0.053049 0.070334 -0.859618 0.503285
1743174951.318987 395.447906 -341.203522 -51.283127 0.047041 0.075857 -0.793542 0.601934
1743174952.352371 395.564972 -343.028076 -51.547401 0.051076 0.077202 -0.727306 0.680042
1743174953.485722 395.641083 -344.665161 -51.775185 0.058389 0.070088 -0.700499 0.707799
1743174954.585339 395.649445 -346.032104 -52.011681 0.046507 0.095901 -0.698019 0.708103
1743174955.718991 395.393036 -347.884247 -52.245293 0.049721 0.092703 -0.718761 0.687252
1743174956.719259 394.931946 -349.758667 -52.469345 0.026735 0.095284 -0.754131 0.649224
1743174957.785860 394.631195 -352.254761 -52.795097 0.030673 0.101472 -0.728922 0.676340
1743174958.885986 394.941864 -355.357391 -53.258896 0.029081 0.103896 -0.655895 0.747102
1743174959.952479 396.077271 -358.670135 -53.858444 0.033595 0.100466 -0.567708 0.816386
1743174960.952627 398.101471 -362.245728 -54.521500 0.035527 0.100979 -0.485021 0.867926
1743174962.119252 401.387543 -366.578247 -55.510216 0.034486 0.104065 -0.405775 0.907374
1743174963.119265 405.212952 -370.338440 -56.424957 0.035840 0.097953 -0.361594 0.926483
1743174964.119643 409.611633 -374.065460 -57.371429 0.040062 0.097219 -0.322067 0.940859
1743174965.152884 414.594360 -377.799377 -58.371208 0.041028 0.096228 -0.301296 0.947775
1743174966.186234 419.687653 -381.634430 -59.461544 0.040320 0.103820 -0.301188 0.947038
1743174967.286257 425.267578 -385.894684 -60.707882 0.029602 0.107156 -0.296607 0.948507
1743174968.352988 430.930847 -390.172577 -62.045414 0.027588 0.103393 -0.297752 0.948627
1743174969.419480 436.756866 -394.630066 -63.357235 0.027433 0.105191 -0.308410 0.945022
1743174970.419741 442.215240 -399.074768 -64.513832 0.021905 0.100737 -0.319240 0.942050
1743174971.453119 447.891022 -403.842712 -65.800598 0.021064 0.108772 -0.328135 0.938111
1743174972.519624 453.981445 -409.282379 -67.270332 0.019838 0.110954 -0.342406 0.932767
1743174973.586526 460.129059 -414.984619 -68.721970 0.026099 0.107634 -0.344472 0.932241
1743174974.653272 466.622559 -420.803741 -70.188858 0.023564 0.100250 -0.337317 0.935741
1743174975.753266 473.592010 -426.666168 -71.538712 0.027942 0.095664 -0.313958 0.944192
1743174976.786599 480.626495 -431.833710 -72.957626 0.021702 0.097364 -0.285293 0.953235
1743174977.886539 488.771606 -437.343811 -74.383362 0.021466 0.092762 -0.267892 0.958733
1743174978.919905 496.871704 -442.444489 -75.529732 0.014481 0.068473 -0.252287 0.965118
1743174979.953377 504.862000 -447.137421 -76.322258 0.024623 0.061065 -0.241168 0.968247
1743174981.053235 513.657532 -451.959930 -77.098022 0.021470 0.056708 -0.242663 0.968214
1743174982.120107 522.003906 -456.872955 -77.739082 0.020074 0.055290 -0.250813 0.966247
1743174983.220027 530.626709 -461.752594 -78.434059 0.024409 0.059418 -0.231998 0.970593
1743174984.220234 538.387329 -465.652954 -79.198273 0.024213 0.061540 -0.209204 0.975633
1743174985.286747 546.228760 -469.263184 -79.962494 0.029219 0.062324 -0.196231 0.978139
1743174986.320119 553.815735 -472.554108 -80.711998 0.039367 0.064698 -0.185901 0.979645
1743174987.386990 561.935059 -475.816071 -81.662849 0.028511 0.074068 -0.176111 0.981166
1743174988.553773 570.761169 -479.314117 -82.817177 0.027211 0.095194 -0.162073 0.981799
1743174989.687117 579.427979 -482.349731 -84.139992 0.021960 0.082030 -0.159712 0.983504
1743174990.720569 586.981018 -485.072296 -85.128273 0.028239 0.085967 -0.156429 0.983536
1743174991.820531 594.815735 -487.791168 -86.128754 0.028825 0.078266 -0.148069 0.985454
1743174992.853846 602.074524 -490.161591 -86.958389 0.030397 0.071715 -0.137652 0.987413
1743174993.987247 609.853333 -492.469940 -87.589874 0.031523 0.046930 -0.125404 0.990494
1743174995.120620 617.721436 -494.657776 -87.953796 0.033148 0.039626 -0.121802 0.991209
1743174996.220507 625.423096 -497.177002 -88.246536 0.035547 0.043608 -0.151202 0.986901
1743174997.320740 633.014587 -500.416046 -88.763962 0.025287 0.051032 -0.193890 0.979369
1743174998.387212 640.418518 -504.255127 -89.400879 0.033599 0.062226 -0.224252 0.971962
1743174999.420617 647.468018 -508.359802 -90.303772 0.032932 0.082513 -0.238128 0.967162
1743175000.454012 654.982300 -512.746399 -91.267471 0.035456 0.062564 -0.233573 0.969676
1743175001.520866 662.658203 -517.066162 -92.117828 0.047538 0.054355 -0.232299 0.969960
1743175002.587519 670.032715 -520.970337 -92.889481 0.044703 0.057174 -0.219718 0.972860
1743175003.687614 677.602051 -524.669434 -93.406174 0.031547 0.036947 -0.205291 0.977494
1743175004.754240 685.489990 -528.363892 -93.718468 0.027403 0.033528 -0.201727 0.978484
1743175005.854353 693.728577 -532.121399 -93.817917 0.025191 0.017043 -0.203703 0.978560
1743175006.887825 701.108521 -535.708862 -93.905502 0.019964 0.019531 -0.202575 0.978868
1743175007.954219 707.926514 -539.153931 -93.767715 0.025930 0.011864 -0.223177 0.974361
1743175009.021109 713.070435 -542.683289 -93.858734 0.041292 0.018169 -0.278922 0.959254
1743175010.054487 717.072388 -546.619629 -94.060974 0.044501 0.027752 -0.371200 0.927071
1743175011.087904 720.049194 -551.527161 -94.314079 0.039085 0.032778 -0.498907 0.865153
1743175012.121267 721.427124 -557.203674 -94.704857 0.053276 0.031530 -0.612049 0.788393
1743175013.154629 722.014526 -563.210632 -95.160393 0.051782 0.031630 -0.661441 0.747538
1743175014.254484 722.360901 -569.756958 -95.665016 0.053635 0.030858 -0.674441 0.735731
1743175015.287874 722.933899 -576.130493 -96.186790 0.046517 0.047719 -0.654561 0.753066
1743175016.354752 724.559570 -582.537903 -96.756477 0.046021 0.050632 -0.581822 0.810433
1743175017.454612 727.495422 -588.642822 -97.429642 0.045452 0.052913 -0.517529 0.852818
1743175018.521501 730.487305 -594.581787 -98.193718 0.053078 0.055345 -0.508029 0.857920
1743175019.588245 732.984009 -600.569214 -99.046005 0.063964 0.063694 -0.555542 0.826574
1743175020.621615 734.244385 -606.798218 -99.972496 0.075497 0.061819 -0.627738 0.772285
1743175021.688360 734.386108 -613.236694 -100.977165 0.078996 0.060045 -0.698083 0.709108
1743175022.755007 733.266968 -619.614807 -101.982887 0.083011 0.045991 -0.760736 0.642087
1743175023.821624 730.928894 -625.856873 -102.971260 0.079591 0.045848 -0.821246 0.563133
1743175024.854871 727.566772 -631.253662 -103.913673 -0.076809 -0.039461 0.873965 -0.478255
1743175025.855108 723.191101 -636.053223 -104.795494 -0.082613 -0.038552 0.913531 -0.396421
1743175026.921585 717.486023 -640.249329 -105.626968 -0.077880 -0.032741 0.946913 -0.310191
1743175027.954991 711.585938 -643.155212 -106.350418 -0.068923 -0.019142 0.968977 -0.236572
1743175028.988399 705.361145 -645.244385 -107.064285 -0.081489 -0.010602 0.983661 -0.160184
1743175030.021735 698.989136 -646.108154 -107.842140 -0.084471 -0.010247 0.994061 -0.067835
1743175031.121975 692.538940 -646.086853 -108.644951 -0.083858 -0.015251 0.996349 -0.004979
1743175032.188505 686.610474 -646.069397 -109.406219 -0.079660 -0.037621 0.995662 -0.029946
1743175033.188747 681.481018 -646.880859 -109.947754 -0.075334 -0.052391 0.989597 -0.110803
1743175034.288733 676.177124 -648.971741 -110.664497 -0.078778 -0.063294 0.966806 -0.234678
1743175035.355480 671.993347 -652.450439 -111.238937 -0.057693 -0.077117 0.904742 -0.414930
1743175036.421974 670.127380 -657.214905 -111.955849 0.055561 0.091556 -0.781909 0.614125
1743175037.488882 670.685486 -663.098938 -112.926842 0.062451 0.076647 -0.640996 0.761150
1743175038.522254 672.343445 -669.482849 -113.701271 0.048749 0.072487 -0.592006 0.801185
1743175039.555618 674.086670 -676.307251 -114.517967 0.040695 0.072376 -0.596896 0.798011
1743175040.589003 675.918396 -683.456604 -115.274750 0.028675 0.065420 -0.599688 0.797040
1743175041.655511 677.873474 -691.203857 -116.116592 0.029679 0.070462 -0.596139 0.799232
1743175042.688863 679.937744 -698.770874 -116.848541 0.028609 0.053520 -0.594149 0.802062
1743175043.722241 681.530579 -705.841370 -117.288406 0.026804 0.064073 -0.617003 0.783890
1743175044.722511 682.411072 -713.175415 -118.101036 0.050867 0.072875 -0.660932 0.745165
1743175045.822494 682.209290 -721.553040 -119.275528 0.064767 0.073210 -0.713167 0.694146
1743175046.855891 681.288818 -729.835327 -120.550003 0.077547 0.069717 -0.726849 0.678835
1743175047.855957 680.385986 -738.006104 -121.574417 0.057961 0.045579 -0.723742 0.686120
1743175048.856018 680.367737 -745.881653 -122.084335 0.036307 0.044245 -0.689142 0.722363
1743175049.955993 681.092468 -754.491455 -122.669487 0.039807 0.054357 -0.656509 0.751304
1743175051.022737 682.080750 -762.587585 -123.362968 0.039668 0.061214 -0.657555 0.749868
1743175052.022745 682.838440 -769.366089 -124.144058 0.033756 0.062402 -0.649113 0.757377
1743175053.156119 683.787781 -776.076111 -124.736992 0.006049 0.059727 -0.640860 0.765307
1743175054.255988 684.767212 -781.723816 -125.033394 0.004613 0.069789 -0.627581 0.775404
1743175055.289367 686.264465 -786.715149 -125.497299 0.013538 0.084776 -0.558875 0.824796
1743175056.289407 688.707214 -790.710083 -126.056389 0.010524 0.101023 -0.437436 0.893495
1743175057.356213 692.246399 -794.084473 -126.670074 0.007498 0.103662 -0.308386 0.945566
1743175058.422991 696.841003 -796.203613 -127.646034 0.009017 0.118801 -0.167463 0.978653
1743175059.489475 701.946472 -797.067871 -128.557785 0.002677 0.104763 -0.042349 0.993591
1743175060.589739 707.651367 -797.323120 -129.582169 0.002275 0.120782 0.017435 0.992523
1743175061.689747 714.213318 -797.168030 -130.713654 0.002975 0.101734 0.025496 0.994480
1743175062.756515 721.470520 -797.139832 -131.833191 0.001145 0.101133 0.019305 0.994685
1743175063.789860 728.741150 -797.049377 -132.889282 -0.015768 0.084846 0.031057 0.995785
1743175064.825125 735.684753 -796.206970 -134.032791 -0.004542 0.101642 0.091110 0.990630
1743175065.889732 742.392944 -794.359497 -134.831787 0.002008 0.065472 0.175164 0.982358
1743175066.923133 747.689697 -791.348083 -135.359146 -0.011431 0.063739 0.288726 0.955219
1743175067.923440 752.224915 -787.155762 -135.977158 -0.015174 0.036172 0.427623 0.903106
1743175069.023369 755.440369 -780.988403 -136.126801 -0.007754 0.042861 0.551031 0.833347
1743175070.123277 757.620422 -774.540161 -136.512024 -0.015440 0.051274 0.601052 0.797414
1743175071.190116 759.354370 -767.807129 -136.880951 -0.015529 0.046716 0.624711 0.779303
1743175072.223495 761.079529 -761.176392 -137.203003 -0.005119 0.055831 0.620994 0.781807
1743175073.323371 763.075684 -754.066956 -137.574600 -0.001765 0.058959 0.609634 0.790486
1743175074.456744 765.544189 -746.897705 -138.089844 -0.017497 0.072642 0.581366 0.810204
1743175075.490147 768.390381 -740.553345 -138.712082 -0.009729 0.057757 0.539104 0.840200
1743175076.556978 772.351624 -734.429321 -139.085419 -0.006148 0.053403 0.468451 0.881853
1743175077.623612 777.133179 -729.593628 -139.238724 0.005497 0.044888 0.379227 0.924198
1743175078.623736 782.398132 -726.167236 -139.549637 0.009168 0.043594 0.281270 0.958594
1743175079.623749 788.334900 -723.912415 -139.810364 0.023415 0.043951 0.176117 0.983109
1743175080.723606 795.495972 -722.793091 -140.193390 0.019939 0.047163 0.066112 0.996498
1743175081.724197 802.100586 -722.851440 -140.564880 0.023490 0.056326 -0.002225 0.998134
1743175082.790386 808.955017 -723.547058 -141.064453 0.027102 0.054980 -0.037230 0.997425
1743175083.790617 815.582764 -724.261292 -141.622177 0.031721 0.069145 -0.042413 0.996200
1743175084.857195 823.026489 -724.777832 -142.224777 0.026940 0.054966 -0.013326 0.998036
1743175085.890577 830.210083 -725.027588 -142.648956 0.021883 0.045303 0.004870 0.998722
1743175086.890730 837.128662 -724.923523 -142.862366 0.033809 0.045927 0.018524 0.998201
1743175087.990775 844.736511 -724.819458 -143.263168 0.031821 0.039674 0.019637 0.998513
1743175089.124112 852.494324 -724.829407 -143.518112 0.018381 0.036805 0.020875 0.998935
1743175096.490876 901.420166 -723.384949 -145.246170 0.015091 0.029519 0.008561 0.999414
1743175097.657730 908.767578 -723.749023 -145.362656 0.019284 0.031798 -0.020248 0.999103
1743175098.724508 914.845947 -724.679626 -145.628479 0.031370 0.039919 -0.072638 0.996065
1743175099.857849 920.934021 -726.578918 -146.194336 0.044380 0.063700 -0.145616 0.986290
1743175100.857852 926.744202 -729.034241 -146.823441 0.031668 0.050166 -0.198799 0.978243
1743175101.891265 931.983765 -731.839600 -147.160797 0.003288 0.048879 -0.245957 0.968042
1743175102.958004 936.064636 -734.494446 -147.334061 -0.009319 0.051535 -0.267488 0.962137
1743175104.024469 939.339294 -736.818054 -147.530396 -0.024923 0.061297 -0.282006 0.957128
1743175105.057880 942.260071 -738.954468 -147.771637 -0.027867 0.060098 -0.300986 0.951325
1743175106.091281 945.066650 -741.099915 -147.933624 -0.026175 0.059446 -0.319809 0.945253
1743175107.124616 947.445801 -743.277283 -148.131180 -0.030341 0.073124 -0.330864 0.940352
1743175108.191510 949.837280 -745.837097 -148.354767 -0.010666 0.068271 -0.383703 0.920868
1743175109.224861 952.295105 -748.718750 -148.618790 -0.003280 0.060279 -0.401906 0.913689
1743175110.358243 955.745361 -752.362061 -148.888107 -0.002605 0.048224 -0.376914 0.924989
1743175111.391592 959.663513 -756.164978 -149.168869 -0.011975 0.046243 -0.359530 0.931910
1743175112.424991 964.008545 -760.433044 -149.398773 -0.001991 0.043372 -0.366495 0.929406
1743175113.458370 968.382812 -765.176453 -149.641357 0.002696 0.046320 -0.374623 0.926015
1743175114.525002 973.483765 -770.443726 -150.012024 -0.003776 0.047925 -0.383968 0.922094
1743175115.558242 978.532104 -776.067749 -150.325378 -0.013395 0.038136 -0.385590 0.921785
1743175116.625097 984.037231 -782.004028 -150.493683 -0.004851 0.036751 -0.392551 0.918983
1743175117.658522 989.307983 -788.072571 -150.627426 -0.003051 0.013914 -0.404140 0.914586
1743175118.758369 994.454224 -794.511780 -150.268097 -0.003569 -0.005456 -0.420119 0.907446
1743175119.758620 999.057434 -800.373779 -149.765182 -0.015190 -0.013972 -0.430604 0.902305
1743175120.758620 1003.279663 -805.874329 -149.167374 -0.020976 -0.008498 -0.430610 0.902254
1743175121.858472 1007.890564 -811.518127 -148.821335 -0.009158 0.014480 -0.415416 0.909470
1743175122.891867 1012.399597 -816.525146 -148.994797 0.003628 0.038197 -0.388197 0.920777
1743175123.925414 1017.262695 -821.348389 -149.337341 0.026913 0.039419 -0.355051 0.933628
1743175124.958626 1022.699280 -826.149719 -149.700546 0.023697 0.038877 -0.343594 0.938014
1743175125.991996 1028.344238 -831.154724 -149.882172 0.021483 0.028731 -0.341143 0.939327
1743175127.025533 1034.070435 -836.196716 -150.121521 0.027978 0.037785 -0.335271 0.940948
1743175128.125779 1040.567383 -841.562683 -150.839066 0.029882 0.070807 -0.318529 0.944792
1743175129.192133 1047.325073 -846.846680 -152.083786 0.030002 0.080558 -0.297204 0.950936
1743175130.225477 1054.528809 -851.936707 -153.223923 0.027431 0.086500 -0.286690 0.953716
1743175131.225515 1061.827759 -856.976196 -154.279190 0.011182 0.070979 -0.283049 0.956410
1743175132.292366 1069.369751 -862.376465 -155.077286 0.002240 0.071004 -0.284649 0.955996
1743175133.325736 1076.028931 -867.258484 -155.778152 0.010763 0.079617 -0.289502 0.953800
1743175134.359113 1082.727783 -872.082520 -156.683304 0.016847 0.072073 -0.293021 0.953237
1743175135.425856 1089.592041 -877.288391 -157.609253 0.023674 0.083031 -0.284070 0.954908
1743175136.425872 1096.221558 -881.590332 -158.564453 0.033049 0.071424 -0.272523 0.958925
1743175137.492621 1103.134155 -886.124268 -159.724823 0.031995 0.084655 -0.248065 0.964507
1743175138.559118 1110.578369 -890.431030 -160.993439 0.040947 0.089769 -0.238822 0.966038
1743175139.625986 1118.411011 -894.783691 -162.211426 0.025613 0.077284 -0.233486 0.968946
1743175140.725856 1126.347900 -899.122864 -163.223679 0.018915 0.081868 -0.234091 0.968577
1743175141.826108 1134.035034 -903.701721 -164.278336 0.014755 0.065993 -0.229314 0.971001
1743175142.926224 1142.391968 -908.325073 -165.108032 0.024231 0.083823 -0.234598 0.968169
1743175143.992860 1151.134766 -913.202515 -166.316666 0.026926 0.077558 -0.232328 0.969166
1743175144.992889 1159.241577 -917.551453 -167.507690 0.022162 0.083298 -0.226950 0.970084
1743175146.059623 1168.089478 -922.455261 -168.763245 0.030260 0.074199 -0.231257 0.969587
1743175147.126120 1176.795898 -927.352905 -169.698090 0.025593 0.063042 -0.231368 0.970484
1743175148.192985 1185.305176 -932.169922 -170.562973 0.028046 0.070353 -0.225669 0.971256
1743175149.259592 1193.622681 -936.790710 -171.520752 0.023668 0.069185 -0.225788 0.971428
1743175150.292984 1201.311523 -941.204834 -172.606033 0.039091 0.069673 -0.218723 0.972511
1743175151.293123 1208.618408 -945.019043 -173.411758 0.032770 0.065587 -0.213294 0.974233
1743175152.326654 1215.905640 -948.729980 -174.279678 0.038074 0.083092 -0.206217 0.974228
1743175153.359872 1222.994263 -951.981934 -175.199219 0.035933 0.078641 -0.201612 0.975642
1743175154.393298 1230.446777 -955.336182 -176.156693 0.041341 0.076279 -0.199519 0.976046
1743175155.493257 1238.565918 -958.904114 -177.359772 0.043485 0.083562 -0.199203 0.975420
1743175156.560033 1246.736938 -962.178894 -178.746216 0.044742 0.098093 -0.163732 0.980596
1743175157.660000 1255.854614 -965.133362 -180.430466 0.033861 0.105550 -0.120677 0.986483
1743175158.693364 1264.950195 -967.099060 -181.658035 0.029051 0.077052 -0.087889 0.992721
1743175159.760114 1274.338745 -968.433167 -182.849594 0.018655 0.086240 -0.047080 0.994986
1743175160.760118 1282.986694 -969.131592 -183.961136 0.021532 0.092217 -0.018713 0.995330
1743175161.859990 1292.501221 -969.746155 -185.479797 0.029841 0.098429 -0.015185 0.994581
1743175162.960231 1302.054565 -970.415344 -186.798798 0.033932 0.084178 -0.029148 0.995446
1743175164.026748 1310.596802 -971.887817 -187.707138 0.026474 0.070752 -0.089240 0.993141
1743175165.026992 1317.593872 -974.391602 -188.191391 0.027603 0.050270 -0.196760 0.978773
1743175166.060251 1323.123657 -977.977661 -188.781952 0.035174 0.067517 -0.285159 0.955452
1743175167.060420 1328.214722 -981.752991 -189.624146 0.025101 0.078752 -0.311482 0.946651
1743175168.126928 1333.891235 -985.980103 -190.566849 0.039242 0.074378 -0.303233 0.949199
1743175169.160220 1339.746826 -989.951660 -191.352188 0.031433 0.073684 -0.256901 0.963112
1743175170.160511 1346.350708 -993.072937 -192.166458 0.031099 0.061207 -0.198109 0.977773
1743175171.193837 1353.861328 -996.072327 -193.046204 0.025764 0.071916 -0.157798 0.984512
1743175172.227245 1362.039795 -998.798462 -193.869537 0.019006 0.065580 -0.131113 0.989013
1743175173.460612 1371.906128 -1001.264099 -194.780273 0.020232 0.072949 -0.103290 0.991766
1743175174.560649 1381.086304 -1003.204346 -195.889786 0.008384 0.084197 -0.081723 0.993057
1743175175.560804 1389.253418 -1004.806458 -196.930618 0.016199 0.086173 -0.082005 0.992767
1743175176.660727 1398.004517 -1007.015320 -198.205460 0.023994 0.098654 -0.105393 0.989234
1743175177.727245 1406.336914 -1009.671143 -199.513611 0.011828 0.104131 -0.169687 0.979910
1743175178.827487 1414.066895 -1013.941406 -201.119553 0.021500 0.106370 -0.258892 0.959791
1743175179.827529 1420.306274 -1019.123230 -202.491959 0.013628 0.108004 -0.348524 0.930957
1743175180.927363 1426.524170 -1025.713013 -203.777573 0.016976 0.105370 -0.388795 0.915122
1743175181.960771 1432.034546 -1032.265625 -205.289612 0.036488 0.093102 -0.387610 0.916384
1743175182.994102 1438.050903 -1038.847534 -206.553955 0.042037 0.081496 -0.386627 0.917666
1743175184.027495 1443.984741 -1045.288574 -207.860123 0.034768 0.079937 -0.369703 0.925052
1743175185.094347 1450.737183 -1051.592773 -209.213821 0.034253 0.082325 -0.334966 0.938002
1743175186.194257 1458.654907 -1057.618286 -210.560394 0.036007 0.087610 -0.282531 0.954570
1743175187.294483 1467.815430 -1062.717529 -212.064606 0.032499 0.080275 -0.225260 0.970442
1743175188.327740 1477.159912 -1066.953125 -213.319260 0.047163 0.077978 -0.192243 0.977107
1743175189.327861 1487.116699 -1071.157471 -214.771072 0.028489 0.078310 -0.174425 0.981138
1743175190.327875 1497.857666 -1075.475708 -216.248749 0.010954 0.085028 -0.166897 0.982240
1743175191.394599 1509.559570 -1080.057617 -217.700439 0.014991 0.077968 -0.159198 0.984049
1743175192.427990 1520.987549 -1084.217285 -218.886642 0.017633 0.078440 -0.166167 0.982815
1743175193.494493 1532.266357 -1088.692749 -220.276855 0.025162 0.066975 -0.171213 0.982633
1743175194.527853 1543.753052 -1093.216064 -221.722198 0.037182 0.080260 -0.167396 0.981914
1743175195.628133 1556.782593 -1098.340454 -223.524323 0.034042 0.081183 -0.160322 0.983131
1743175196.661489 1570.066772 -1103.208374 -225.542740 0.033424 0.085818 -0.156442 0.983384
1743175197.794885 1585.038940 -1108.512329 -227.466217 0.016402 0.074392 -0.162379 0.983783
1743175198.861337 1598.563721 -1113.763184 -229.292068 0.022723 0.081488 -0.170177 0.981776
1743175199.861619 1611.064453 -1118.629883 -231.058640 0.027009 0.079214 -0.177862 0.980490
1743175200.894983 1623.815552 -1124.009033 -232.687927 0.027105 0.061409 -0.174944 0.982288
1743175201.895028 1635.930786 -1128.905640 -233.444473 0.016904 0.041230 -0.173244 0.983870
1743175202.994870 1647.422852 -1133.622803 -233.739883 0.002162 0.033461 -0.175997 0.983819
1743175204.228290 1657.072021 -1137.309448 -233.263336 -0.000667 0.047066 -0.175687 0.983320
1743175205.228522 1666.972900 -1141.506470 -234.024658 0.017359 0.062933 -0.169725 0.983327
1743175206.294984 1678.218384 -1145.971802 -235.286545 0.025310 0.066643 -0.164871 0.983736
1743175207.295130 1688.161377 -1149.884888 -236.588150 0.037233 0.086166 -0.164009 0.981983
1743175208.328400 1697.947388 -1153.850708 -238.150620 0.023265 0.080343 -0.159539 0.983642
1743175209.328639 1708.466553 -1157.507690 -239.226242 0.026264 0.066085 -0.160675 0.984442
1743175210.462037 1719.593384 -1161.515503 -240.199753 0.028898 0.052544 -0.158239 0.985578
1743175211.528501 1730.130493 -1165.318115 -241.075470 0.016808 0.064281 -0.156252 0.985480
1743175212.528744 1738.976929 -1168.726562 -242.104813 0.018018 0.075459 -0.154641 0.984920
1743175213.628758 1749.029541 -1172.381470 -243.327194 0.010543 0.076787 -0.149246 0.985758
1743175214.795516 1760.003174 -1176.154419 -244.564865 -0.002127 0.070264 -0.145580 0.986846
1743175215.861980 1769.486816 -1179.275269 -245.449615 0.000514 0.068481 -0.136923 0.988212
1743175216.962239 1778.915771 -1182.293701 -246.265991 -0.000546 0.074389 -0.129299 0.988811
1743175218.062238 1788.071045 -1185.047607 -247.193710 -0.004353 0.063959 -0.126725 0.989864
1743175219.162123 1796.666748 -1187.653320 -248.069733 0.003135 0.067628 -0.135827 0.988417
1743175220.162393 1803.692749 -1190.386597 -248.948746 0.018855 0.071912 -0.174216 0.981897
1743175221.228865 1810.836914 -1194.073730 -249.859299 0.025281 0.067081 -0.237208 0.968810
1743175222.262241 1816.938110 -1198.235840 -250.564056 0.015829 0.069547 -0.290019 0.954359
1743175223.262494 1822.379883 -1202.813477 -251.298615 0.023092 0.063059 -0.333380 0.940398
1743175224.295892 1827.626587 -1208.091309 -252.022461 0.028689 0.065175 -0.380883 0.921877
1743175225.329307 1832.249512 -1214.038940 -252.918686 0.043127 0.072145 -0.438397 0.894843
1743175226.362497 1836.564087 -1221.129761 -254.085388 0.041654 0.082157 -0.483534 0.870465
1743175227.362594 1840.484985 -1228.065308 -255.291443 0.039973 0.084872 -0.479489 0.872519
1743175228.362626 1845.130005 -1234.804810 -256.483734 0.048868 0.082065 -0.433349 0.896151
1743175229.496000 1852.006348 -1242.208008 -257.910461 0.032948 0.080652 -0.345299 0.934440
1743175230.529353 1859.685425 -1247.421021 -259.016571 0.022760 0.074818 -0.247829 0.965642
1743175231.629243 1868.922119 -1251.634521 -259.980591 0.008945 0.061774 -0.179907 0.981701
1743175232.662640 1878.220093 -1255.274536 -260.745483 0.002181 0.060316 -0.167437 0.984034
1743175233.662868 1886.697021 -1258.566406 -261.192352 -0.001194 0.033742 -0.166655 0.985437
1743175234.729376 1895.549194 -1262.018066 -261.708221 0.004096 0.055084 -0.169962 0.983901
1743175235.796245 1904.678589 -1265.418823 -262.208160 -0.001929 0.043429 -0.171876 0.984159
1743175236.862989 1913.619995 -1268.987061 -262.601501 -0.001208 0.045320 -0.172006 0.984052
1743175237.896365 1922.042114 -1272.328369 -262.970093 0.000945 0.043461 -0.166663 0.985055
1743175238.929744 1930.716919 -1275.886719 -263.239594 0.001361 0.034691 -0.174474 0.984050
1743175239.929761 1939.135742 -1279.641113 -263.658417 0.003964 0.048116 -0.185612 0.981436
1743175240.963109 1947.777832 -1284.052856 -264.210785 0.007113 0.053504 -0.203285 0.977631
1743175242.029809 1956.773682 -1288.766235 -264.939789 0.000752 0.051349 -0.214889 0.975287
1743175243.063104 1966.095215 -1293.565918 -265.521973 0.000256 0.052923 -0.223272 0.973318
1743175244.129831 1975.980469 -1298.930054 -266.149292 -0.007316 0.059363 -0.229728 0.971415
1743175245.163208 1985.499023 -1303.976074 -266.847992 0.007784 0.051380 -0.226909 0.972529
1743175246.196963 1994.875122 -1309.009644 -267.582611 0.023940 0.048585 -0.224494 0.972969
1743175247.263366 2004.101807 -1313.864014 -268.451996 0.015921 0.068972 -0.220111 0.972903
1743175248.263374 2012.688599 -1318.338867 -269.385803 0.017063 0.066085 -0.219562 0.973208
1743175249.296754 2020.822144 -1322.526978 -270.154541 0.007902 0.066298 -0.224601 0.972161
1743175250.363508 2028.201294 -1326.566162 -270.830322 0.018953 0.061444 -0.224223 0.972414
1743175251.396862 2034.370605 -1329.913818 -271.249329 0.004011 0.064333 -0.225165 0.972186
1743175252.463366 2039.551392 -1332.611816 -271.773834 0.008023 0.063332 -0.227215 0.971750
1743175253.530255 2043.274292 -1334.528076 -272.145599 0.012079 0.066206 -0.227911 0.971353
1743175254.563633 2045.250366 -1335.567017 -272.353241 0.010934 0.068280 -0.226971 0.971443
1743175255.565204 2046.224731 -1336.099487 -272.445557 0.013320 0.067001 -0.227209 0.971447
1743175256.663741 2047.081787 -1336.508545 -272.498016 0.007382 0.066471 -0.228907 0.971148
1743175257.730257 2048.478760 -1337.289795 -272.636200 0.017862 0.067171 -0.231859 0.970263
1743175258.863613 2050.636475 -1338.420166 -272.856415 0.006083 0.065978 -0.235258 0.969672
1743175259.896981 2053.134521 -1339.740723 -273.089081 0.003109 0.064875 -0.233568 0.970169
1743175260.897110 2056.014893 -1341.254883 -273.384277 -0.000595 0.066072 -0.223120 0.972549
1743175262.033243 2059.013184 -1342.694580 -273.567017 0.001301 0.068183 -0.220204 0.973067
1743175263.163879 2062.004883 -1344.343140 -273.886688 0.006754 0.066601 -0.218801 0.973471
1743175264.430505 2065.896729 -1346.252686 -274.220062 0.000448 0.061555 -0.221813 0.973144
1743175265.430620 2069.182861 -1347.871216 -274.487885 -0.003136 0.068035 -0.219688 0.973190
1743175266.464040 2073.031250 -1349.876709 -274.791718 -0.003102 0.058429 -0.215962 0.974647
1743175267.497221 2077.272705 -1351.782715 -275.121063 -0.009474 0.055914 -0.210406 0.975968
1743175268.597489 2082.187256 -1353.940308 -275.443909 -0.014221 0.053008 -0.208106 0.976565
1743175269.630860 2086.896484 -1356.241455 -275.718231 -0.000239 0.053756 -0.210785 0.976053
1743175270.664249 2092.070068 -1358.707520 -276.086334 0.014133 0.050017 -0.214288 0.975387
1743175271.730749 2097.142578 -1361.424927 -276.384613 0.008132 0.054120 -0.212444 0.975639
1743175272.797620 2102.125244 -1363.895630 -276.836304 -0.005145 0.057392 -0.205831 0.976890
1743175273.831020 2106.961182 -1366.195923 -277.150269 -0.006978 0.056556 -0.205009 0.977100
1743175274.897730 2112.202148 -1368.767700 -277.595306 -0.009579 0.074310 -0.206092 0.975660
1743175275.964245 2118.027588 -1371.613159 -278.195007 -0.003429 0.073366 -0.217627 0.973265
1743175276.997569 2124.180664 -1375.005981 -278.988159 0.009519 0.078388 -0.221925 0.971861
1743175278.064528 2131.017578 -1378.515625 -280.049591 0.015103 0.086674 -0.231844 0.968766
1743175279.197885 2138.256836 -1382.561768 -281.113159 0.010072 0.084107 -0.218471 0.972160
1743175280.231231 2145.460205 -1386.496338 -282.148071 0.017786 0.078170 -0.230185 0.969839
1743175281.364622 2153.735352 -1391.209717 -283.160980 0.019109 0.060687 -0.225064 0.972264
1743175282.464511 2162.276367 -1395.542236 -283.939728 0.026023 0.049674 -0.225331 0.972667
1743175283.564748 2171.054443 -1400.044189 -284.626923 0.051397 0.049195 -0.220027 0.972896
1743175284.598181 2179.455322 -1404.524048 -285.578491 0.042356 0.052512 -0.214541 0.974382
1743175285.698225 2188.494141 -1408.954712 -286.391815 0.036076 0.040386 -0.219027 0.974215
1743175286.797997 2197.199463 -1413.486328 -286.619720 0.020454 0.029191 -0.215742 0.975800
1743175287.798114 2204.786621 -1417.457764 -286.802643 0.029314 0.030058 -0.215641 0.975570
1743175288.864730 2212.787842 -1421.806885 -287.161835 0.032530 0.039078 -0.230219 0.971810
1743175289.964872 2221.370605 -1426.562744 -287.753326 0.026464 0.047792 -0.240636 0.969077
1743175290.964970 2228.951660 -1431.210571 -288.463135 0.035040 0.056050 -0.284913 0.956272
1743175291.964996 2235.626953 -1436.800049 -289.207581 0.039165 0.061980 -0.342185 0.936768
1743175292.998605 2242.142334 -1443.280884 -290.042419 0.028597 0.049688 -0.376236 0.924749
1743175294.031736 2247.787109 -1449.936279 -290.616089 0.017345 0.050728 -0.411545 0.909811
1743175295.098483 2253.172119 -1457.121094 -291.550201 0.026961 0.063366 -0.417433 0.906094
1743175296.131855 2258.973389 -1464.076660 -292.518158 0.024640 0.066873 -0.406839 0.910716
1743175297.165325 2264.950195 -1470.653076 -293.475250 0.038063 0.089187 -0.385611 0.917552
1743175298.231752 2272.073730 -1477.605957 -294.763855 0.024564 0.076295 -0.355926 0.931071
1743175299.265165 2279.277344 -1484.203979 -296.036316 0.032329 0.064616 -0.335848 0.939141
1743175300.331983 2287.305664 -1490.486816 -297.105530 0.035751 0.057287 -0.304377 0.950155
1743175301.365393 2295.835938 -1495.944092 -297.786835 0.023797 0.034402 -0.257483 0.965377
1743175302.398727 2304.751465 -1500.711304 -298.023682 0.035177 0.021467 -0.214088 0.975945
1743175303.532119 2314.965820 -1504.938232 -298.245087 0.017633 0.029225 -0.167267 0.985321
1743175304.598845 2324.827637 -1508.279907 -298.465912 0.016324 0.028133 -0.145099 0.988882
1743175305.665360 2335.137207 -1511.489502 -298.527893 0.010203 0.025550 -0.129697 0.991172
1743175306.732248 2345.719727 -1514.496460 -298.679840 -0.010301 0.032844 -0.126287 0.991396
1743175307.832115 2356.631104 -1517.756348 -298.878662 -0.003370 0.030487 -0.112112 0.993222
1743175308.865641 2366.482422 -1520.355225 -299.010162 0.011918 0.025257 -0.100491 0.994546
1743175309.932377 2376.788818 -1522.644653 -299.078400 0.022246 0.017000 -0.095134 0.995071
1743175310.965725 2386.814209 -1524.706055 -299.062439 0.017103 0.025945 -0.094971 0.994995
1743175311.965738 2396.041260 -1526.625244 -299.210999 0.017680 0.032272 -0.092195 0.995061
1743175313.099109 2406.208496 -1528.635010 -299.335358 0.012856 0.038167 -0.087253 0.995372
1743175314.165844 2415.672852 -1530.667847 -299.633118 0.016404 0.037937 -0.080271 0.995916
1743175315.232381 2425.215332 -1532.576172 -299.856415 0.012710 0.035206 -0.075441 0.996448
1743175316.265871 2434.746094 -1534.306519 -300.197906 0.012245 0.037669 -0.073704 0.996493
1743175317.332646 2444.604248 -1536.037231 -300.516846 0.017294 0.029940 -0.056624 0.997797
1743175318.432498 2454.342529 -1536.961304 -300.784851 0.000167 0.030907 -0.018869 0.999344
1743175319.465870 2462.424805 -1536.895508 -300.957275 -0.015042 0.025683 0.035834 0.998914
1743175320.466121 2469.639160 -1535.801880 -301.064575 -0.017295 0.023321 0.091799 0.995354
1743175321.466125 2475.656006 -1534.077759 -301.157318 -0.015559 0.027706 0.157108 0.987070
1743175322.499494 2481.760254 -1531.530029 -301.279327 -0.017751 0.020181 0.228687 0.973129
1743175323.599368 2487.038574 -1528.173584 -301.355988 -0.038998 0.025117 0.313357 0.948502
1743175324.666224 2491.479004 -1524.107544 -301.624695 -0.039181 0.025710 0.391674 0.918910
1743175325.732879 2495.238525 -1519.538940 -301.821686 -0.037685 0.022487 0.445022 0.894444
1743175326.799606 2498.284424 -1515.081909 -301.995697 -0.036166 0.023003 0.486311 0.872734
1743175327.899612 2500.865723 -1510.613525 -302.231049 -0.042728 0.029216 0.524419 0.849886
1743175328.999750 2502.678223 -1506.544922 -302.422729 -0.033903 0.026721 0.551713 0.832916
1743175330.066252 2504.178711 -1502.848999 -302.597839 -0.029565 0.028294 0.562332 0.825898
1743175331.133117 2505.334717 -1499.918091 -302.726593 -0.030497 0.030818 0.569510 0.820840
1743175332.166483 2506.195801 -1497.797974 -302.848145 -0.020515 0.028643 0.575475 0.817060
1743175333.199873 2506.924561 -1495.946655 -302.951172 -0.020755 0.038050 0.581121 0.812662
1743175334.333295 2507.684570 -1493.753174 -303.058350 -0.018404 0.037972 0.590500 0.805934
1743175335.399986 2508.423096 -1491.496460 -303.191895 -0.021167 0.045878 0.594547 0.802472
1743175336.466505 2509.211914 -1488.988525 -303.403778 -0.013896 0.047427 0.604158 0.795331
1743175337.499862 2510.005371 -1486.280029 -303.540833 -0.021399 0.048238 0.608896 0.791493
1743175338.500117 2510.834473 -1483.148438 -303.777588 -0.022897 0.048732 0.612569 0.788581
1743175339.566610 2511.913330 -1479.188477 -304.084503 -0.036205 0.047736 0.614754 0.786440
1743175340.566873 2513.130859 -1475.021484 -304.320618 -0.026790 0.041178 0.611536 0.789690
1743175341.666872 2514.591064 -1469.859619 -304.613983 -0.019564 0.039716 0.605516 0.794601
1743175342.733664 2516.117188 -1464.893921 -304.889496 -0.020521 0.034290 0.608007 0.792925
1743175343.767008 2517.408936 -1460.372681 -305.078125 -0.022572 0.029736 0.610144 0.791410
1743175344.867005 2518.838623 -1455.639526 -305.241638 -0.027836 0.029911 0.604017 0.795923
1743175345.966862 2520.717285 -1451.084473 -305.437988 -0.014689 0.032971 0.575616 0.816923
1743175347.000242 2522.642334 -1446.791016 -305.659637 -0.026595 0.033068 0.557078 0.829376
1743175348.100362 2524.582520 -1442.505737 -305.839600 -0.016226 0.036501 0.555469 0.830577
1743175349.100511 2526.149902 -1439.037476 -305.957886 -0.013361 0.030259 0.556721 0.830040
1743175350.133841 2527.602783 -1435.405884 -306.087921 -0.014391 0.025989 0.564150 0.825137
1743175351.133897 2528.794434 -1432.207153 -306.070435 -0.004370 0.027070 0.594062 0.803952
1743175352.167705 2529.500732 -1429.171509 -306.137848 -0.008744 0.029606 0.626089 0.779140
1743175353.300641 2529.970459 -1426.404297 -306.219482 -0.014976 0.023033 0.652063 0.757667
1743175354.400491 2530.412354 -1424.080688 -306.244720 -0.011490 0.023961 0.649100 0.760239
1743175355.400740 2530.880615 -1422.245850 -306.275970 -0.008842 0.030794 0.631123 0.775021
1743175356.434655 2531.416016 -1420.660400 -306.316376 -0.005598 0.031531 0.608873 0.792621
1743175357.534112 2532.068115 -1419.244873 -306.326752 -0.001035 0.030454 0.580903 0.813402
1743175358.567485 2532.479736 -1418.252319 -306.322876 0.002879 0.027715 0.569993 0.821177
1743175359.600872 2532.674805 -1417.791260 -306.344452 0.004520 0.026992 0.570875 0.820581
1743175371.068012 2532.636719 -1417.935303 -306.295929 0.063360 -0.075501 0.564234 0.819711
1743175372.101352 2532.620117 -1418.015625 -306.288788 0.110057 -0.131827 0.585669 0.792150
1743175373.134786 2532.573975 -1418.096191 -306.312195 0.143454 -0.169631 0.622758 0.750213
1743175374.201242 2532.527100 -1418.120605 -306.323761 0.170511 -0.175571 0.665077 0.705531
1743175375.234610 2532.484619 -1418.157104 -306.313110 0.196881 -0.172239 0.712541 0.651043
1743175376.301500 2532.497314 -1418.225952 -306.343750 0.244551 -0.184297 0.741194 0.597378
1743175377.334855 2532.533203 -1418.307129 -306.392303 0.238023 -0.190376 0.768724 0.562286
1743175378.401712 2532.522217 -1418.298340 -306.383240 0.250362 -0.134022 0.778538 0.559675
1743175385.801852 2532.552979 -1418.250732 -306.395660 0.190140 -0.166143 0.764337 0.593324
