#timestamp x y z qx qy qz qw
1741751658.794647 0.000000 0.000000 0.000000 -0.076860 -0.085526 0.010480 0.993312
1741751738.719892 -0.062396 -0.055939 0.293947 -0.047604 -0.037644 -0.046294 0.997083
1741751739.788975 -0.264350 0.052219 0.925060 -0.011466 -0.107829 0.013392 0.994013
1741751740.891471 -0.237897 -0.064987 1.001855 0.013367 -0.090721 -0.022209 0.995539
1741751742.060787 -0.310247 -0.110067 1.021933 -0.031163 -0.050495 -0.066095 0.996047
1741751743.096321 -0.343368 -0.296879 1.021717 0.024283 -0.083390 -0.099445 0.991245
1741751744.114920 -0.332918 -0.414926 0.972632 -0.004836 -0.091796 -0.149558 0.984471
1741751745.284034 -0.007791 -0.322652 1.041591 -0.022320 -0.088996 -0.128650 0.987436
1741751746.336168 0.376219 -0.450073 1.014516 0.016129 -0.097477 -0.033744 0.994535
1741751747.388152 0.715866 -0.334900 1.042471 -0.031237 -0.118480 -0.018867 0.992286
1741751748.506856 1.130779 -0.268802 1.081607 -0.029410 -0.108558 -0.010130 0.993603
1741751749.692479 1.545648 -0.213579 1.137168 -0.047314 -0.132256 -0.043738 0.989119
1741751750.694316 1.938413 -0.214393 1.129252 -0.002013 -0.124210 -0.054392 0.990762
1741751752.230337 2.507921 -0.054134 1.101338 -0.050405 -0.119269 -0.156945 0.979082
1741751753.315829 2.910557 -0.262850 1.107393 -0.004966 -0.115842 -0.190401 0.974835
1741751754.350732 3.149862 -0.214121 1.102809 -0.019893 -0.102749 -0.217096 0.970524
1741751755.385803 3.467646 -0.021876 1.115993 -0.034396 -0.078147 -0.242964 0.966270
1741751756.554368 3.871703 0.038549 1.113757 0.007525 -0.078796 -0.170854 0.982112
1741751757.556053 4.226006 0.174960 1.106564 -0.044286 -0.078384 -0.287605 0.953508
1741751758.557631 4.431021 0.252168 1.083950 -0.050866 -0.072748 -0.342757 0.935221
1741751759.843014 4.792406 0.404531 1.109519 -0.052613 -0.043539 -0.473549 0.878116
1741751760.894611 5.075108 0.611986 1.127217 -0.038489 -0.047648 -0.448817 0.891522
1741751762.013030 5.414744 0.656422 1.120830 -0.032981 -0.075257 -0.456401 0.885972
1741751763.214674 5.642845 0.924525 1.126966 -0.059047 -0.069842 -0.537324 0.838403
1741751764.299734 5.903833 0.972804 1.116894 -0.027523 -0.080408 -0.467953 0.879658
1741751765.685241 6.160553 1.021209 1.133922 -0.009895 -0.068109 -0.570098 0.818689
1741751766.870369 6.464235 1.169250 1.136396 -0.007959 -0.068010 -0.580500 0.811376
1741751767.921974 6.799478 1.189824 1.162669 -0.013761 -0.066342 -0.591774 0.803252
1741751769.090311 7.088359 1.258365 1.160163 -0.021776 -0.059681 -0.646404 0.760346
1741751770.208640 7.376511 1.297684 1.158907 -0.029694 -0.058937 -0.660972 0.747503
1741751771.243458 7.614963 1.225512 1.162903 -0.026273 -0.049403 -0.633275 0.771902
1741751772.545388 7.918079 1.274446 1.160175 -0.049945 -0.042910 -0.684592 0.725947
1741751773.580102 8.081348 1.197165 1.111644 -0.023691 -0.044607 -0.666989 0.743353
1741751774.648383 8.273625 1.102710 1.117481 -0.022875 -0.049391 -0.673850 0.736861
1741751775.666452 8.542736 1.186458 1.167967 -0.044594 -0.043383 -0.698627 0.712776
1741751776.668108 8.783330 1.079116 1.125855 -0.023583 -0.073304 -0.688944 0.720713
1741751777.719293 8.960641 1.006025 1.123683 -0.038319 -0.086638 -0.715046 0.692629
1741751778.720653 9.263333 0.966694 1.104175 -0.045867 -0.037356 -0.802527 0.593676
1741751779.772210 9.530652 1.000077 1.195466 -0.076825 -0.040316 -0.825835 0.557197
1741751780.773501 9.607321 0.948948 1.187159 -0.036512 -0.076397 -0.797802 0.596944
1741751781.941865 9.788613 0.845616 1.188697 -0.016642 -0.074441 -0.805531 0.587624
1741751784.094719 9.991893 0.719841 1.137104 -0.000095 -0.100975 -0.818217 0.565973
1741751785.112862 10.172884 0.622015 1.149398 -0.043015 -0.107128 -0.832149 0.542403
1741751786.297681 10.432141 0.570110 1.193611 -0.075813 -0.100107 -0.856556 0.500543
1741751787.499391 10.659438 0.455142 1.178337 0.066064 0.116056 0.886387 -0.443265
1741751789.635631 11.069502 0.331010 1.236403 0.109603 0.092108 0.935951 -0.321713
1741751790.787216 11.135498 0.259240 1.264237 0.140121 0.115787 0.879593 -0.439631
1741751791.821964 11.373476 0.237261 1.268219 0.124501 0.115042 0.891646 -0.419800
1741751794.091619 11.670230 -0.025103 1.242382 0.092745 0.115706 0.876005 -0.458939
1741751795.160727 11.765296 -0.122129 1.221700 0.065386 0.103235 0.857700 -0.499417
1741751796.334072 12.012882 -0.211474 1.246693 0.080822 0.083993 0.915264 -0.385623
1741751797.389750 12.108408 -0.189024 1.258127 0.064447 0.099746 0.929466 -0.349271
1741751798.612482 12.215870 -0.376861 1.216553 0.051913 0.105649 0.882501 -0.455341
1741751799.667881 12.273258 -0.591828 1.184324 -0.002749 0.091212 0.901230 -0.423624
1741751800.873201 12.467935 -0.654194 1.181323 0.022905 0.107759 0.949742 -0.293008
1741751801.961401 12.610839 -0.789804 1.176312 0.067754 0.081933 0.939382 -0.325974
1741751803.049254 12.574412 -0.989990 1.151628 0.038681 0.085818 0.926499 -0.364334
1741751804.120303 12.892707 -1.090727 1.153749 0.059630 0.077118 0.964918 -0.243783
1741751805.191185 12.932192 -1.244475 1.124031 0.050769 0.095009 0.946813 -0.303217
1741751806.328890 13.064455 -1.454417 1.165234 0.060301 0.067255 0.966579 -0.239930
1741751807.516556 13.395310 -1.523109 1.224721 0.064822 0.076011 0.975934 -0.193836
1741751808.871239 13.370546 -1.876134 1.230641 0.068501 0.106136 0.968358 -0.215232
1741751810.192398 13.542921 -2.176911 1.248221 0.052718 0.088102 0.988804 -0.108289
1741751811.312611 13.656527 -2.392314 1.283695 0.050659 0.095392 0.988486 -0.105965
1741751812.482928 13.643079 -2.683729 1.296905 0.039778 0.104320 0.986389 -0.120711
1741751813.502882 13.805288 -2.958549 1.310540 0.054433 0.086383 0.993743 -0.045268
1741751814.505671 13.895210 -3.130530 1.291882 0.046364 0.080043 0.994647 -0.046058
1741751815.558788 13.835662 -3.446774 1.243042 0.078819 0.096389 0.991545 -0.036553
1741751816.611709 13.901516 -3.788792 1.251796 0.067530 0.086820 0.993608 0.025411
1741751817.647862 13.924045 -4.037227 1.279242 0.080226 0.077009 0.993485 0.024917
1741751818.683998 13.807696 -4.337087 1.292456 0.092700 0.075802 0.992804 -0.001276
1741751819.954047 13.702250 -4.654026 1.276092 0.072527 0.069953 0.989444 0.104150
1741751821.090285 13.650480 -4.934712 1.313728 0.079140 0.074110 0.987898 0.110911
1741751822.176348 13.508470 -5.130931 1.313860 0.069967 0.105280 0.987493 0.094220
1741751824.231231 13.438030 -5.372979 1.332929 0.085103 0.051315 0.983936 0.148304
1741751825.350757 13.405466 -5.500057 1.371689 0.109597 0.052380 0.985573 0.117861
1741751826.553473 13.215632 -5.717428 1.310021 0.128823 0.089691 0.974830 0.158325
1741751827.622661 13.133179 -5.839960 1.310814 0.115207 0.058339 0.980630 0.147273
1741751828.925577 13.136969 -6.349287 1.357703 0.112504 0.048509 0.963140 0.239480
1741751830.178377 12.921648 -6.535058 1.326014 0.134189 0.083900 0.947746 0.277004
1741751831.297501 12.722356 -6.802925 1.321308 0.130363 0.045297 0.934057 0.329380
1741751832.433285 12.503458 -7.095783 1.371340 0.128404 0.034470 0.907968 0.397390
1741751833.754056 12.260231 -7.143295 1.387317 0.136039 0.054237 0.886684 0.438570
1741751835.139081 12.058795 -7.654374 1.428773 0.126889 0.018908 0.825992 0.548889
1741751836.191170 11.716422 -7.830052 1.409762 0.155451 0.026408 0.819541 0.550900
1741751837.226542 11.387987 -8.119120 1.445873 0.136910 -0.016852 0.781209 0.608839
1741751838.262323 11.084844 -8.237719 1.464674 0.138204 -0.012647 0.779566 0.610750
1741751839.330828 10.714549 -8.322031 1.469321 0.158874 -0.025702 0.740290 0.652740
1741751840.449906 10.304932 -8.467146 1.474951 0.153582 -0.042205 0.694650 0.701494
1741751841.702413 9.840875 -8.437930 1.487884 0.155088 -0.044212 0.692331 0.703329
1741751842.787831 9.411535 -8.480575 1.514198 0.133937 -0.061894 0.659345 0.737221
1741751843.789828 9.065664 -8.318659 1.505072 0.161813 -0.036255 0.647908 0.743450
1741751844.825221 8.583844 -8.295076 1.527226 0.159578 -0.042391 0.577884 0.799242
1741751845.994224 8.157960 -8.076433 1.509820 0.161657 -0.028095 0.594516 0.787165
1741751847.079573 7.659545 -7.996508 1.555176 0.143137 -0.044074 0.538974 0.828901
1741751848.081550 7.203803 -7.888014 1.553944 0.151734 -0.031730 0.698894 0.698225
1741751849.200416 6.387200 -8.059177 1.559573 0.141249 0.019415 0.912217 0.384098
1741751850.319801 5.799997 -8.278749 1.663640 0.115660 0.067421 0.979663 0.149458
1741751851.655089 5.559612 -8.432355 1.665944 0.121487 0.081055 0.988649 -0.035277
1741751852.790456 5.249085 -8.548246 1.652630 0.127230 0.055449 0.983078 -0.119567
1741751854.059577 4.849683 -8.619700 1.660291 0.151719 0.067598 0.962532 -0.214344
1741751855.279911 4.363275 -8.384062 1.748018 0.159698 0.095471 0.935922 -0.299052
1741751856.297083 4.062668 -8.472615 1.720294 0.175170 0.050446 0.937525 -0.296342
1741751857.315736 3.646767 -8.305759 1.744574 0.134789 0.065300 0.909088 -0.388750
1741751858.517871 3.149505 -8.400257 1.729596 0.135648 0.049562 0.874158 -0.463672
1741751859.650110 2.657969 -8.340158 1.786191 -0.132413 -0.065804 -0.824905 0.545590
1741751860.730770 2.203424 -8.411032 1.779365 -0.138770 -0.066832 -0.786022 0.598704
1741751861.811922 1.704456 -8.524501 1.787771 -0.114467 -0.077570 -0.726942 0.672633
1741751863.359003 1.106048 -8.785399 1.807170 -0.111641 -0.083961 -0.659742 0.738395
1741751864.473808 0.609282 -8.995600 1.798847 -0.112822 -0.060618 -0.578005 0.805920
1741751865.722015 0.243356 -9.387179 1.839897 -0.079774 -0.080542 -0.511673 0.851669
1741751866.837271 -0.045011 -9.704896 1.875703 -0.071722 -0.085645 -0.383720 0.916668
1741751867.919671 -0.264678 -10.114927 1.869127 -0.066800 -0.091034 -0.379014 0.918477
1741751868.968683 -0.459278 -10.482198 1.836566 -0.072091 -0.105428 -0.275960 0.952646
1741751871.567099 -0.456826 -10.587424 1.863380 -0.087482 -0.120572 -0.275438 0.949707
1741751875.049407 -0.367952 -10.782269 1.871922 -0.058087 -0.127710 -0.251830 0.957548
1741751876.499321 -0.435793 -10.910266 1.862463 -0.029810 -0.125962 -0.162525 0.978177
1741751878.616143 -0.363685 -11.229684 1.839721 -0.031172 -0.126180 -0.119179 0.984329
1741751879.683043 -0.244322 -11.408549 1.866812 -0.016468 -0.121957 -0.136032 0.983031
1741751880.866680 -0.220698 -11.783753 1.885769 -0.014184 -0.147485 0.056693 0.987336
1741751881.917175 -0.117083 -11.937330 1.857396 -0.008332 -0.144493 0.057434 0.987802
1741751883.150996 0.049578 -12.119612 1.905901 -0.009427 -0.114141 0.046967 0.992309
1741751884.501728 0.309025 -12.481514 1.907522 0.003132 -0.159797 0.168402 0.972675
1741751885.635670 0.398500 -12.584179 1.930556 0.020458 -0.143814 0.156624 0.976918
1741751886.702986 0.543488 -12.532761 1.915953 0.021864 -0.152573 0.208282 0.965848
1741751887.770350 0.770738 -12.520111 1.909590 0.033351 -0.133989 0.220013 0.965675
1741751888.987858 1.010024 -12.633447 1.899284 0.049827 -0.142448 0.240490 0.958848
1741751890.155411 1.250802 -12.784336 1.945549 0.070992 -0.133296 0.234828 0.960233
1741751892.507272 1.325117 -12.791780 1.950920 0.036708 -0.089765 0.246288 0.964332
1741751893.875136 1.538722 -12.798579 1.950294 0.044950 -0.082992 0.213579 0.972356
1741751894.926136 1.664345 -12.805511 1.958439 0.039822 -0.092575 0.182957 0.977942
1741751895.993822 1.694262 -12.767845 1.976661 0.032379 -0.105491 0.251594 0.961522
1741751897.011401 1.810267 -12.837470 1.964048 0.040010 -0.112088 0.315913 0.941294
1741751898.162418 1.881537 -12.918000 1.901441 0.054161 -0.170135 0.352410 0.918655
1741751899.196818 1.987703 -12.888573 1.887480 0.051373 -0.156065 0.290487 0.942667
1741751900.348132 2.231961 -12.713865 1.888804 0.033609 -0.152061 0.291907 0.943683
1741751902.533778 2.564294 -12.858384 1.852275 0.091635 -0.137249 0.470315 0.866931
1741751903.601624 2.681575 -12.961758 1.875067 0.093907 -0.130323 0.546512 0.821902
1741751905.620444 2.697593 -12.914378 1.899738 0.091556 -0.126745 0.604412 0.781178
1741751906.738436 2.872804 -12.795257 1.885435 0.102120 -0.133186 0.603035 0.779860
1741751908.240127 3.010448 -12.725729 1.892536 0.091553 -0.132901 0.612246 0.774023
1741751909.358042 3.305751 -12.759725 1.887297 0.110197 -0.142635 0.777309 0.602746
1741751910.445796 3.494223 -12.663259 1.870194 0.123207 -0.147749 0.775235 0.601665
1741751911.477132 3.644362 -12.575525 1.881033 0.114498 -0.137068 0.768217 0.614772
1741751912.645283 3.872206 -12.445942 1.905967 0.114502 -0.115102 0.837946 0.521045
1741751913.679700 4.070450 -12.337433 1.911871 0.146579 -0.130049 0.854294 0.481439
1741751914.814507 4.207126 -12.178305 1.932708 0.130303 -0.124347 0.895275 0.407483
1741751915.815747 4.445931 -12.028007 1.928308 0.132046 -0.134915 0.941591 0.278869
1741751916.816818 4.565811 -11.890959 1.956115 0.186449 -0.133917 0.930138 0.286612
1741751917.884778 4.636828 -11.687087 1.962331 0.185598 -0.108090 0.948032 0.234744
1741751918.919429 4.746013 -11.359348 1.949673 0.153135 -0.090784 0.980900 0.078381
1741751919.987512 4.767828 -11.019432 1.910688 0.163423 -0.100020 0.979252 0.065990
1741751921.021981 4.790138 -10.737404 1.914572 0.166753 -0.058230 0.984248 0.007629
1741751922.090084 4.802864 -10.375546 1.890764 0.172032 -0.066660 0.981408 -0.052920
1741751923.391639 4.667799 -9.916104 1.883155 0.208661 -0.040934 0.961842 -0.172178
1741751924.493001 4.564112 -9.503553 1.882096 0.182833 -0.017263 0.944603 -0.272028
1741751926.028589 4.153042 -9.068854 1.969108 0.147099 0.005695 0.895707 -0.419569
1741751927.830612 3.579705 -8.748751 1.987664 -0.167702 -0.017835 -0.834818 0.524058
1741751929.065401 3.032910 -8.561098 1.925372 -0.184134 -0.025075 -0.761484 0.620973
1741751930.150063 2.523110 -8.634532 1.841616 -0.173770 -0.049178 -0.687499 0.703371
1741751931.251542 2.001028 -8.758575 1.856520 -0.184306 -0.062593 -0.664814 0.721204
1741751932.252743 1.540866 -8.918620 1.833843 -0.137944 -0.062620 -0.580638 0.799943
1741751933.354215 1.092401 -9.080946 1.858491 -0.160878 -0.075424 -0.495788 0.850073
1741751934.405630 0.654334 -9.154850 1.882161 -0.140741 -0.087394 -0.371374 0.913584
1741751935.406924 0.157142 -9.390275 1.994158 -0.174123 -0.077651 -0.494915 0.847768
1741751942.282370 0.207650 -9.512815 1.918819 -0.092453 -0.074941 -0.626275 0.770464
1741751943.333957 0.418751 -9.483237 1.919130 -0.078628 -0.109948 -0.579700 0.803541
1741751944.822955 0.430683 -9.492401 1.898136 -0.109875 -0.069173 -0.633785 0.762535
1741751945.841072 0.324135 -9.485271 1.867594 -0.087880 -0.058970 -0.682869 0.722835
1741751947.071886 0.192334 -9.462110 1.938440 -0.072686 -0.040341 -0.780708 0.619342
1741751948.123342 -0.094688 -9.423439 1.934918 -0.080168 -0.070426 -0.782785 0.613074
1741751949.158001 -0.326714 -9.410005 1.922669 0.090799 0.050932 0.872595 -0.477221
1741751950.593193 -0.628426 -9.549195 1.898722 0.092706 0.017446 0.955898 -0.278137
1741751952.145249 -1.006648 -9.299849 1.864462 0.101798 0.048253 0.956574 -0.268839
1741751953.296739 -1.346942 -9.489571 1.861972 0.132331 0.010823 0.975764 -0.173941
1741751954.765298 -1.744131 -9.554858 1.865172 0.106722 0.025778 0.968072 -0.225349
1741751955.817852 -1.997141 -9.867364 1.909353 0.104860 0.003642 0.984301 -0.141927
1741751957.021159 -2.361782 -9.892772 1.869847 0.152922 0.005076 0.961929 -0.226456
1741751958.142079 -2.614755 -10.112100 1.833953 0.133262 0.011850 0.984194 -0.116034
1741751959.212869 -2.749031 -10.146734 1.863984 0.099376 -0.022523 0.994527 0.023098
1741751960.366890 -2.724612 -9.750656 1.888129 0.104873 -0.013234 0.981947 0.156862
1741751961.387153 -2.835818 -9.516100 1.884999 0.106450 -0.015225 0.953541 0.281419
1741751962.457389 -3.208909 -9.622781 1.875710 0.109171 -0.031353 0.895443 0.430442
1741751963.761477 -3.382291 -9.396419 1.884450 0.134206 -0.022004 0.888279 0.438708
1741751964.831588 -3.768709 -9.468156 1.828527 0.110062 -0.055531 0.814674 0.566665
1741751965.834459 -4.185470 -9.455194 1.817439 0.105265 -0.077518 0.844819 0.518835
1741751966.837395 -4.526374 -9.349797 1.811363 0.096964 -0.075395 0.847943 0.515660
1741751967.907115 -4.943934 -9.335142 1.789378 0.075977 -0.056848 0.782290 0.615644
1741751969.327695 -5.157521 -9.076170 1.787214 0.117145 -0.041182 0.787891 0.603166
1741751970.330358 -5.504585 -9.053460 1.788439 0.078543 -0.071872 0.746805 0.656467
1741751971.483341 -5.786524 -8.952392 1.770024 0.080010 -0.063792 0.715342 0.691242
1741751972.987073 -6.020575 -8.837692 1.855738 0.085048 -0.063867 0.760093 0.641052
1741751974.072984 -6.436556 -8.765762 1.858676 0.092560 -0.057633 0.696662 0.709065
1741751975.158952 -6.644624 -8.555534 1.858591 0.100114 -0.026522 0.699664 0.706926
1741751976.194684 -7.007446 -8.405962 1.885170 0.082273 -0.053342 0.609317 0.786841
1741751977.247022 -7.287588 -8.233825 1.857271 0.089553 -0.040521 0.577842 0.810208
1741751978.433007 -7.446015 -8.028295 1.866882 0.085701 -0.052042 0.499049 0.860754
1741751979.435225 -7.536141 -7.989879 1.872072 0.049572 -0.066328 0.411273 0.907743
1741751980.520924 -7.631549 -7.894948 1.894418 0.057668 -0.085163 0.427780 0.898012
1741751981.523092 -7.738780 -7.862839 1.899156 0.049269 -0.111210 0.451495 0.883944
1741751982.558608 -7.790415 -7.740146 1.861594 0.091595 -0.090476 0.494266 0.859724
1741751983.644016 -7.881155 -7.565499 1.866799 0.106179 -0.076478 0.493341 0.859937
1741751984.879953 -8.188619 -7.415534 1.845260 0.094152 -0.097922 0.355684 0.924682
1741751985.881985 -8.311480 -7.172901 1.787704 0.102878 -0.097079 0.362599 0.921148
1741751987.034175 -8.452554 -6.914073 1.789181 0.066416 -0.065493 0.359128 0.928615
1741751989.155030 -8.747338 -6.565879 1.811643 0.080568 -0.087805 0.254943 0.959585
1741751990.524228 -8.850533 -6.288562 1.796465 0.106970 -0.081580 0.197871 0.970953
1741751991.592917 -8.997962 -6.058269 1.809435 0.074037 -0.092267 0.166405 0.978936
1741751992.678213 -9.177685 -5.795434 1.822960 0.077820 -0.101777 0.160017 0.978765
1741751993.963988 -9.229221 -5.391694 1.816201 0.067443 -0.137240 0.155211 0.975974
1741751995.199529 -9.438677 -5.071579 1.842239 0.081681 -0.122012 0.011379 0.989096
1741751996.284840 -9.314932 -4.794496 1.840891 0.108323 -0.134104 -0.004943 0.985017
1741751997.286673 -9.260971 -4.474169 1.832648 0.078360 -0.134755 -0.077611 0.984722
1741751998.355227 -9.211174 -4.208611 1.921985 0.068377 -0.127173 -0.136621 0.980044
1741751999.390473 -9.019460 -3.979560 1.933466 0.073165 -0.130947 -0.223692 0.963048
1741752000.575752 -8.880732 -3.839120 1.946339 0.040082 -0.116188 -0.299153 0.946256
1741752002.696182 -8.671343 -3.723915 1.857008 0.059836 -0.139499 -0.344747 0.926342
1741752003.998822 -8.435579 -3.541683 1.899108 0.020480 -0.134010 -0.366373 0.920539
1741752005.117000 -8.187429 -3.398473 1.896117 0.040423 -0.135655 -0.382909 0.912877
1741752006.352492 -8.062511 -3.337473 1.888470 0.027495 -0.113143 -0.486771 0.865734
1741752007.354229 -7.704901 -3.090321 1.889699 -0.005164 -0.106804 -0.490208 0.865022
1741752008.472830 -7.566312 -2.974838 1.942805 -0.052920 -0.094190 -0.477266 0.872092
1741752009.574693 -7.555004 -2.989809 1.985908 0.004916 -0.168030 -0.447563 0.878310
1741752010.592912 -7.242851 -3.124914 1.941120 0.004605 -0.173259 -0.492905 0.852646
1741752012.295916 -6.866511 -2.946560 1.906841 -0.024307 -0.157054 -0.623441 0.765549
1741752013.414510 -6.570664 -2.899229 1.838496 -0.017463 -0.169220 -0.607640 0.775779
1741752014.416093 -6.326841 -2.876067 1.860847 -0.018349 -0.157812 -0.649338 0.743719
1741752015.484645 -5.984452 -2.781848 1.871795 -0.045965 -0.171301 -0.766096 0.617771
1741752016.569736 -5.747621 -2.882703 1.844574 -0.054729 -0.153147 -0.782105 0.601550
1741752018.138981 -5.265883 -3.051956 1.916343 -0.092313 -0.134573 -0.842353 0.513625
1741752019.391129 -4.939528 -3.261328 1.936640 0.091578 0.160468 0.862962 -0.470277
1741752020.426199 -4.826013 -3.388806 1.920896 0.073903 0.139529 0.896582 -0.413776
1741752021.427959 -4.517426 -3.710354 1.949661 0.099892 0.121349 0.925700 -0.344056
1741752022.496460 -4.408989 -3.923609 1.915387 0.102311 0.154773 0.920567 -0.343706
1741752023.614973 -4.322326 -4.160825 1.917073 0.106770 0.131418 0.943354 -0.285329
1741752024.933989 -4.016834 -4.579195 1.982885 0.140866 0.108349 0.973157 -0.146232
1741752025.952343 -3.942934 -4.911532 1.935174 0.128373 0.136062 0.977297 -0.099487
1741752027.705271 -3.644680 -5.409879 2.011848 0.128214 0.096552 0.986794 -0.021819
1741752028.990879 -3.641665 -5.779057 2.060301 0.131777 0.078563 0.987000 0.047883
1741752030.042477 -3.653815 -6.151077 2.065215 0.150470 0.092070 0.974922 0.135683
1741752031.094516 -3.772250 -6.509816 2.020515 0.165223 0.102000 0.975569 0.102776
1741752032.113020 -3.772021 -6.941728 2.020060 0.167992 0.059419 0.971265 0.157776
1741752033.164529 -3.835360 -7.318051 1.991126 0.148919 0.060002 0.975338 0.151455
1741752034.249846 -3.995561 -7.645601 2.006455 0.141293 0.057544 0.957161 0.246104
1741752035.301574 -4.114522 -8.004898 2.035081 0.150186 0.031925 0.936396 0.315575
1741752036.453547 -4.339105 -8.316667 2.022171 0.155930 0.033409 0.910708 0.381027
1741752037.521919 -4.581404 -8.658637 2.104093 0.173477 0.022872 0.852209 0.493074
1741752038.540327 -4.901133 -8.804978 2.087443 0.198872 -0.003191 0.801755 0.563585
1741752039.558664 -4.938884 -9.129926 2.117130 0.178237 -0.038415 0.804431 0.565373
1741752040.660511 -5.009662 -9.290207 2.135619 0.199569 -0.047557 0.795503 0.570162
1741752041.728982 -5.370770 -9.590033 2.131958 0.189138 0.001042 0.879209 0.437285
1741752042.780813 -5.573290 -10.034024 2.190703 0.134822 0.047889 0.976476 0.161320
1741752043.999542 -6.007401 -10.420857 2.159564 0.122754 0.088480 0.987832 -0.035925
1741752045.001200 -5.936488 -11.131979 2.314254 0.102468 0.074843 0.987631 -0.092112
1741752046.386885 -6.060775 -11.733482 2.309697 0.151405 0.051539 0.986972 0.017515
1741752047.438606 -6.214886 -12.136644 2.346021 0.147127 0.054150 0.987634 0.000307
1741752048.473681 -6.287799 -12.642742 2.367423 0.167528 0.040582 0.984120 0.042362
1741752049.625518 -6.442163 -13.006906 2.327107 0.154141 0.065270 0.985759 0.016105
1741752050.810836 -6.700379 -13.593470 2.393970 0.156521 0.029970 0.980764 0.112714
1741752051.845891 -6.858431 -13.880562 2.375324 0.126953 0.044013 0.985780 0.100910
1741752052.880945 -7.126635 -14.130733 2.387255 0.124700 0.051669 0.981731 0.134108
1741752053.932756 -7.304918 -14.524048 2.441784 0.120324 0.066279 0.972995 0.185501
1741752055.234828 -7.676889 -14.711757 2.398890 0.108286 0.091826 0.979177 0.145100
1741752056.453543 -7.897677 -15.195500 2.464932 0.122322 0.043107 0.959779 0.249003
1741752057.755707 -8.241220 -15.535131 2.476067 0.143968 0.048064 0.951717 0.266827
1741752058.790793 -8.481500 -15.954350 2.490762 0.141727 0.038448 0.922435 0.357139
1741752059.942706 -8.830639 -16.219061 2.499135 0.160333 0.036650 0.903884 0.394898
1741752061.030756 -9.111263 -16.522762 2.516586 0.151361 0.023889 0.882516 0.444617
1741752062.213089 -9.382684 -16.770718 2.551029 0.151431 0.000491 0.859791 0.487676
1741752063.365015 -9.755942 -17.008692 2.559884 0.148079 -0.010937 0.821487 0.550557
1741752064.416804 -10.140498 -17.033693 2.524621 0.161423 -0.021395 0.831263 0.531495
1741752065.485221 -10.430707 -17.063921 2.508716 0.160759 -0.023968 0.793764 0.586107
1741752066.604092 -10.825884 -17.150093 2.496972 0.146850 -0.047522 0.749420 0.643853
1741752067.872341 -11.143715 -17.056694 2.474165 0.164674 -0.033272 0.784185 0.597352
1741752069.208033 -11.627162 -17.146444 2.509660 0.147950 -0.035787 0.712477 0.684987
1741752070.510192 -11.922218 -16.939421 2.465543 0.153630 -0.039053 0.653991 0.739708
1741752071.712121 -12.273799 -16.808304 2.462263 0.144863 -0.074946 0.581357 0.797133
1741752072.747162 -12.370350 -16.669342 2.422735 0.167021 -0.059291 0.586846 0.790063
1741752073.815594 -12.398364 -16.475126 2.400526 0.164406 -0.027009 0.561818 0.810309
1741752074.833881 -12.738335 -16.359108 2.402253 0.125272 -0.084646 0.533167 0.832391
1741752075.985861 -12.888630 -16.329136 2.421852 0.122470 -0.068103 0.474812 0.868859
1741752077.354725 -13.111618 -16.060930 2.430327 0.110713 -0.093603 0.569097 0.809388
1741752079.509027 -13.480131 -15.824408 2.504993 0.170083 -0.076521 0.356653 0.915432
1741752080.543374 -13.595493 -15.669004 2.510030 0.112081 -0.076962 0.342262 0.929716
1741752081.745285 -13.851480 -15.525706 2.558294 0.110912 -0.038144 0.264781 0.957149
1741752082.746936 -13.822465 -15.324515 2.584581 0.095503 -0.058783 0.217934 0.969499
1741752083.782007 -14.059422 -15.107785 2.585276 0.071288 -0.071112 0.194873 0.975646
1741752084.983888 -14.044482 -14.819022 2.585598 0.117276 -0.057601 0.203043 0.970413
1741752086.052433 -14.053530 -14.611668 2.567301 0.106407 -0.095726 0.089432 0.985655
1741752087.255328 -14.063279 -14.436940 2.555646 0.120064 -0.106678 0.023211 0.986745
1741752088.406286 -14.092838 -14.145911 2.548023 0.093052 -0.080916 -0.082988 0.988892
1741752089.558079 -14.059435 -14.031081 2.575183 0.107798 -0.072476 -0.088674 0.987554
1741752090.693305 -14.012542 -13.640615 2.646247 0.081666 -0.135652 -0.272196 0.949125
1741752091.962038 -13.920993 -13.573674 2.705720 0.051502 -0.123548 -0.362719 0.922235
1741752092.997057 -13.705207 -13.570071 2.664493 0.054986 -0.146733 -0.278247 0.947641
1741752093.998705 -13.446356 -13.291957 2.617748 0.025201 -0.143243 -0.356964 0.922726
1741752095.217251 -13.242162 -13.107728 2.587643 0.004954 -0.138488 -0.239511 0.960953
1741752096.235788 -13.012021 -13.119252 2.537025 0.056094 -0.097441 -0.209458 0.971332
1741752097.304204 -12.792300 -12.773374 2.571789 0.014181 -0.097491 -0.437448 0.893831
1741752098.389249 -12.533066 -12.594593 2.539995 0.035237 -0.114208 -0.467578 0.875834
1741752099.441009 -12.369752 -12.531790 2.561077 0.055085 -0.091332 -0.531141 0.840543
1741752100.910051 -11.900290 -12.436420 2.568294 -0.000694 -0.130929 -0.607125 0.783745
1741752102.011849 -11.589085 -12.522985 2.517929 0.022338 -0.110794 -0.680200 0.724261
1741752103.531001 -10.954521 -12.559038 2.473684 0.018986 -0.128820 -0.718711 0.683008
1741752104.699540 -10.521461 -12.626148 2.531628 -0.027168 -0.129675 -0.780474 0.610988
1741752105.767955 -10.116706 -12.637625 2.578638 -0.023900 -0.119833 -0.802403 0.584139
1741752106.936619 -9.854334 -12.843349 2.587800 -0.009839 -0.106010 -0.839399 0.532987
1741752107.988246 -9.545658 -13.038799 2.562917 0.007479 0.097704 0.893110 -0.439036
1741752109.056583 -9.407804 -13.306587 2.492369 0.002402 0.119903 0.898322 -0.422652
1741752110.809611 -9.019471 -13.760988 2.436413 0.062627 0.156614 0.962600 -0.212019
1741752112.061647 -8.643204 -14.133744 2.459362 0.074950 0.115411 0.977670 -0.158820
1741752113.430576 -8.535356 -14.507711 2.497933 0.083895 0.097754 0.984699 -0.117364
1741752114.548948 -8.365972 -14.869877 2.485768 0.056655 0.133824 0.980706 -0.130758
1741752115.684149 -8.398406 -15.220531 2.450106 0.091695 0.131291 0.986581 -0.031837
1741752116.752652 -8.458863 -15.602859 2.490872 0.111374 0.096282 0.981128 0.125353
1741752118.004679 -8.687221 -16.047218 2.512884 0.098405 0.096189 0.959692 0.245064
1741752119.239983 -8.851512 -16.516199 2.545867 0.088924 0.054752 0.959754 0.260707
1741752120.325241 -9.128768 -16.866257 2.502896 0.094662 0.070131 0.963110 0.241950
1741752121.360149 -9.367041 -17.424232 2.468771 0.098625 0.095569 0.983884 0.114509
1741752122.395186 -9.391993 -18.200378 2.626302 0.071223 0.123471 0.961973 -0.233005
1741752123.396698 -9.169487 -18.749413 2.682082 0.063063 0.103259 0.913490 -0.388454
1741752124.398363 -9.105136 -19.115704 2.691512 -0.031001 -0.103589 -0.830474 0.546462
1741752125.433391 -9.183627 -19.351793 2.691861 0.016098 -0.104115 -0.756574 0.645366
1741752126.468542 -9.108543 -19.680878 2.738995 -0.039800 -0.091011 -0.700060 0.707142
1741752127.820744 -9.358734 -20.056662 2.715923 0.002878 -0.073233 -0.643163 0.762214
1741752128.874657 -9.380862 -20.368868 2.724780 -0.012541 -0.064450 -0.672410 0.737261
1741752130.157857 -9.792136 -20.661253 2.726063 0.001887 -0.065477 -0.630171 0.773689
1741752131.276583 -9.975626 -21.015396 2.765945 -0.002477 -0.069746 -0.664123 0.744359
1741752132.294631 -10.260999 -21.261591 2.761817 0.000035 -0.049104 -0.636630 0.769605
1741752133.412993 -10.320810 -21.613619 2.775670 -0.015465 -0.053253 -0.672453 0.738060
1741752134.715268 -10.575740 -21.975220 2.768249 0.010585 -0.030919 -0.572397 0.819325
1741752136.017407 -10.706234 -22.403645 2.818163 0.002463 -0.056368 -0.551503 0.832262
1741752137.519838 -10.983784 -22.874205 2.723781 0.013254 -0.076147 -0.452783 0.888264
1741752138.538086 -11.136477 -23.246021 2.712824 0.037610 -0.073324 -0.455437 0.886446
1741752139.623249 -11.248335 -23.656366 2.730705 -0.000362 -0.057242 -0.411570 0.909579
1741752140.858538 -11.226886 -24.097870 2.714650 0.021036 -0.066359 -0.277248 0.958273
1741752142.043810 -11.135239 -24.478165 2.734492 0.013806 -0.079240 -0.168911 0.982344
1741752143.062209 -10.992917 -24.720936 2.768213 0.037924 -0.069793 -0.144700 0.986282
1741752144.080493 -10.884534 -25.059435 2.786158 0.033201 -0.062189 -0.036359 0.996849
1741752145.099576 -10.664966 -25.084896 2.762365 -0.034547 -0.015728 0.074777 0.996478
1741752146.117187 -10.534038 -25.117153 2.804864 -0.027516 -0.025137 0.103722 0.993908
1741752147.135442 -10.357242 -25.339571 2.809714 0.035112 -0.061679 0.187545 0.979689
1741752148.136977 -10.272814 -25.422903 2.835642 0.059041 -0.061001 0.144389 0.985873
1741752149.222226 -10.151019 -25.435858 2.842894 0.020478 -0.097973 0.253956 0.962023
1741752150.423516 -9.981762 -25.574598 2.837042 0.037716 -0.083363 0.397360 0.913090
1741752151.725641 -9.694809 -25.908968 2.880816 0.038357 -0.062049 0.532137 0.843510
1741752152.793787 -9.420209 -25.861334 2.857794 0.015198 -0.057214 0.510625 0.857764
1741752153.811839 -9.257621 -25.896603 2.863825 0.055447 -0.097216 0.487689 0.865814
1741752154.830023 -9.007833 -25.859678 2.900923 0.043794 -0.064781 0.653300 0.753050
1741752155.914798 -8.888041 -25.725201 2.869159 0.037121 -0.072650 0.683934 0.724968
1741752156.982979 -8.653319 -25.722448 2.896081 0.039922 -0.089272 0.722497 0.684423
1741752158.201356 -8.224555 -25.842447 2.911492 0.058775 -0.109501 0.788257 0.602665
1741752159.486480 -8.024841 -25.663439 2.872589 0.042030 -0.089638 0.855434 0.508362
1741752160.671559 -7.700227 -25.485882 2.848738 0.063023 -0.068217 0.913829 0.395337
1741752161.706326 -7.516109 -25.405951 2.941742 0.032900 -0.054089 0.944234 0.323131
1741752162.791263 -7.499735 -25.154451 2.976233 0.025969 -0.043477 0.940450 0.336138
1741752164.009666 -7.413796 -25.036150 2.950953 0.043272 -0.081286 0.942029 0.322649
1741752165.044503 -7.085129 -24.723368 2.908388 0.079441 -0.052594 0.987345 0.126779
1741752166.112693 -7.185038 -24.458563 2.871589 0.075971 -0.104734 0.976125 0.174470
1741752167.114156 -7.031328 -24.077353 2.885542 0.081273 -0.095395 0.990344 0.059273
1741752168.182379 -6.991202 -23.655249 2.924366 0.112895 -0.073273 0.989636 0.050062
1741752169.267180 -7.024734 -23.272211 2.908176 0.111778 -0.029801 0.989838 -0.082695
1741752170.352128 -7.242261 -22.952522 2.886516 0.127671 -0.054943 0.980187 -0.141121
1741752171.436940 -7.440475 -22.634773 2.868331 0.096621 -0.020624 0.961669 -0.255797
1741752172.505371 -7.627991 -22.284084 2.820749 0.099092 -0.016773 0.960675 -0.258851
1741752173.523263 -7.866742 -22.113876 2.812029 0.064790 -0.002100 0.931344 -0.358325
1741752174.558232 -8.163696 -21.875343 2.742066 0.092280 -0.027921 0.869672 -0.484123
1741752175.593093 -8.456687 -21.850798 2.735868 -0.080169 -0.014896 -0.793963 0.602473
1741752176.594559 -8.864083 -21.696476 2.743300 -0.072830 -0.012686 -0.745142 0.662796
1741752177.829637 -9.227772 -21.745584 2.771025 -0.059387 -0.032900 -0.719136 0.691545
1741752178.864499 -9.644251 -21.771502 2.788045 -0.067082 -0.039204 -0.707555 0.702374
1741752180.283300 -9.934597 -21.955301 2.795334 -0.085279 -0.022087 -0.675474 0.732103
1741752181.334836 -10.319954 -22.046721 2.779732 -0.094757 -0.019087 -0.620115 0.778534
1741752182.369659 -10.522230 -22.215948 2.768843 -0.090709 -0.031508 -0.592710 0.799671
1741752183.538136 -10.757717 -22.354801 2.763634 -0.063051 -0.080282 -0.422317 0.900682
1741752184.573001 -11.045028 -22.559614 2.702863 -0.083981 -0.070794 -0.341201 0.933551
1741752185.641237 -11.347295 -22.878654 2.690772 -0.062537 -0.085343 -0.267234 0.957806
1741752186.993214 -11.684183 -23.350227 2.690657 -0.044750 -0.062273 -0.109549 0.991019
1741752188.061341 -11.911493 -23.643084 2.705715 -0.026899 -0.082754 -0.098411 0.991334
1741752189.129578 -12.108729 -24.033724 2.681825 -0.045443 -0.086900 -0.384231 0.918014
1741752190.832231 -12.694567 -24.666206 2.675773 -0.078116 -0.048350 -0.772268 0.628620
1741752191.850379 -13.025651 -24.870117 2.610351 0.042513 0.023924 0.982745 -0.178419
1741752192.918646 -13.220343 -25.024221 2.592999 0.062156 -0.006487 0.994984 0.078110
1741752194.036900 -13.452201 -25.139572 2.628069 -0.016484 -0.022462 0.965710 0.258122
1741752195.255388 -13.663104 -25.449099 2.628015 -0.004642 0.010700 0.946765 0.321713
1741752196.440686 -13.947242 -25.619959 2.623184 0.002058 -0.000522 0.923424 0.383776
1741752197.442167 -14.232103 -25.965672 2.615293 0.003108 -0.007490 0.909196 0.416290
1741752198.493921 -14.673155 -26.176985 2.604679 0.014750 -0.009903 0.879486 0.475593
1741752199.662182 -15.055962 -26.473211 2.639230 0.022208 -0.007311 0.816105 0.577431
1741752200.813818 -15.502411 -26.552769 2.617457 0.023618 0.006265 0.788309 0.614795
1741752201.882233 -15.910445 -26.738266 2.611639 0.043356 0.006534 0.710499 0.702331
1741752202.966980 -16.081747 -26.764959 2.604554 0.021717 0.003506 0.857250 0.514431
1741752203.968619 -16.357595 -26.900042 2.600603 -0.001709 0.009961 0.973449 0.228681
1741752204.986779 -16.430275 -27.114143 2.556476 -0.029623 -0.005275 0.998728 -0.040469
1741752206.171935 -16.283831 -27.386127 2.569494 -0.000569 -0.011913 0.974723 -0.223097
1741752207.342767 -16.023310 -27.640955 2.556067 0.003683 0.016939 -0.848972 0.528154
1741752208.391894 -16.145039 -27.828930 2.574486 0.022190 -0.044476 -0.688427 0.723600
1741752209.793988 -15.974154 -28.122244 2.621157 -0.024578 -0.013592 -0.533210 0.845517
1741752210.895802 -16.157789 -28.434542 2.657791 -0.019082 -0.058508 -0.429170 0.901125
1741752212.064295 -16.192028 -28.770460 2.645148 -0.017453 -0.039856 -0.411321 0.910451
1741752213.132605 -16.236700 -29.028608 2.632169 0.003773 -0.054729 -0.422655 0.904629
1741752214.451229 -16.481911 -29.590094 2.557346 -0.009133 -0.047053 -0.364527 0.929958
1741752215.769883 -16.647734 -30.121088 2.572351 -0.008859 -0.047358 -0.305405 0.951003
1741752217.021885 -16.731113 -30.714460 2.572236 -0.009838 -0.052509 -0.261149 0.963819
1741752218.557547 -16.872143 -31.404140 2.549983 -0.016932 -0.052816 -0.167890 0.984244
1741752219.659203 -16.877586 -31.960514 2.594115 0.003916 -0.035474 -0.091472 0.995168
1741752221.027986 -16.788349 -32.594196 2.598068 0.014243 -0.026698 -0.033338 0.998986
1741752222.179764 -16.695110 -33.156620 2.582453 0.006095 -0.048820 0.072951 0.996121
1741752223.465070 -16.429983 -33.718197 2.569752 -0.006223 -0.062395 0.257372 0.964276
1741752224.650109 -16.098751 -34.157379 2.534323 0.002305 -0.031186 0.206167 0.978017
1741752225.668425 -15.811103 -34.540508 2.558926 0.007045 -0.040635 0.349821 0.935908
1741752226.703344 -15.534679 -34.663216 2.578640 0.006456 -0.028361 0.407336 0.912815
1741752228.088738 -15.051796 -34.844654 2.580757 0.026084 -0.029906 0.531683 0.846013
1741752229.273909 -14.719532 -34.881500 2.540258 0.026990 -0.053969 0.550377 0.832733
1741752230.375653 -14.312162 -34.924202 2.600169 0.035350 -0.045248 0.636462 0.769168
1741752231.477292 -14.049603 -34.770317 2.628055 0.032939 -0.051209 0.690182 0.721070
1741752232.745820 -13.719827 -34.686741 2.675473 0.035091 -0.044083 0.712090 0.699823
1741752233.814303 -13.500345 -34.650177 2.658715 0.053713 -0.074942 0.739515 0.666796
1741752235.283139 -13.151599 -34.492504 2.712647 0.058932 -0.051151 0.746186 0.661148
1741752236.486118 -12.691705 -34.364220 2.743233 0.055146 -0.042031 0.846020 0.528624
1741752237.520388 -12.496390 -34.144531 2.701127 0.049865 -0.066229 0.834924 0.544086
1741752238.538126 -12.143276 -33.898407 2.691632 0.073236 -0.050794 0.886380 0.454299
1741752239.556593 -11.957998 -33.661026 2.684693 0.064625 -0.067126 0.878902 0.467812
1741752240.758363 -11.694956 -33.357067 2.676573 0.095051 -0.074734 0.930842 0.344839
1741752241.793303 -11.533757 -32.997353 2.649141 0.087629 -0.072151 0.945905 0.303939
1741752242.978532 -11.465588 -32.689568 2.677706 0.091897 -0.018055 0.960119 0.263441
1741752244.063475 -11.355105 -32.330109 2.687496 0.065084 -0.027909 0.976548 0.203320
1741752245.198644 -11.361870 -31.930170 2.684095 0.081669 -0.036537 0.989902 0.109948
1741752246.250190 -11.367650 -31.554684 2.671347 0.054001 -0.023043 0.996351 0.061946
1741752247.368659 -11.492466 -31.331345 2.674034 0.092002 -0.027320 0.995368 0.005720
1741752248.453626 -11.661138 -30.949026 2.636730 0.098249 -0.007628 0.987767 -0.120853
1741752249.605441 -11.971148 -30.710781 2.610241 0.095132 0.013980 0.971061 -0.218620
1741752250.807356 -12.196205 -30.341444 2.631102 0.093299 0.021845 0.915568 -0.390582
1741752252.042544 -12.485807 -30.152266 2.618798 0.057430 0.043667 0.869512 -0.488614
1741752253.194389 -12.769923 -29.950514 2.600306 -0.083900 -0.020811 -0.806568 0.584788
1741752254.329739 -13.162004 -29.800484 2.589015 -0.053160 -0.033856 -0.714087 0.697214
1741752255.631794 -13.654857 -29.768160 2.541754 -0.065134 0.006173 -0.692415 0.718527
1741752256.649706 -13.936767 -29.771845 2.523154 -0.046593 -0.017913 -0.602131 0.796835
1741752257.985049 -14.331643 -29.869503 2.513355 -0.061794 -0.017994 -0.588641 0.805828
1741752259.220514 -14.764064 -29.987217 2.585253 -0.017108 -0.001077 -0.589986 0.807231
1741752260.589328 -15.005918 -30.292728 2.604897 -0.018029 -0.002185 -0.557098 0.830248
1741752261.624237 -15.339717 -30.567616 2.575747 -0.032046 -0.025028 -0.486411 0.872783
1741752262.826130 -15.476511 -31.005966 2.591000 -0.042308 -0.037711 -0.399772 0.914861
1741752263.961172 -15.832496 -31.361435 2.562968 -0.048404 -0.077496 -0.319364 0.943217
1741752265.046263 -16.057341 -31.711487 2.532598 -0.059515 -0.077703 -0.348095 0.932336
1741752266.448441 -16.209593 -32.178768 2.506839 -0.089942 -0.036370 -0.200083 0.974964
1741752267.566790 -16.250214 -32.535656 2.544824 -0.043659 -0.058739 -0.130890 0.988692
1741752268.818906 -16.223137 -32.983158 2.531333 -0.052434 -0.048745 -0.222576 0.972283
1741752269.870484 -16.210003 -33.267551 2.532923 -0.015625 -0.039122 -0.155131 0.986995
1741752271.406162 -16.246094 -33.800766 2.564349 -0.035239 -0.047550 -0.361590 0.930457
1741752272.591355 -16.668278 -34.167385 2.652932 -0.043210 -0.058739 -0.675912 0.733366
1741752273.960192 -16.961193 -34.486801 2.688503 -0.069220 0.002991 -0.829142 0.554728
1741752274.961750 -16.981184 -34.889107 2.683218 -0.041733 0.009222 -0.799272 0.599448
1741752276.147116 -17.104902 -35.350471 2.669023 -0.069962 -0.008831 -0.819958 0.568063
1741752277.215357 -17.183231 -35.838230 2.603093 -0.041549 -0.030377 -0.784639 0.617813
1741752278.333822 -17.280779 -36.370396 2.623823 -0.083580 -0.012114 -0.767926 0.634947
1741752279.385400 -17.403196 -36.877556 2.620627 -0.065437 -0.048148 -0.745255 0.661811
1741752280.704108 -17.337730 -37.439747 2.561618 -0.084201 -0.012008 -0.795767 0.599600
1741752281.956202 -17.541845 -37.972290 2.547497 -0.062937 -0.050071 -0.791927 0.605296
1741752283.441786 -17.485895 -38.693626 2.518299 -0.066033 -0.026069 -0.770569 0.633390
1741752284.443283 -17.558418 -39.145451 2.505523 -0.058636 -0.026130 -0.775708 0.627819
1741752285.695333 -17.696228 -39.583157 2.429847 -0.077698 -0.057726 -0.772699 0.627349
1741752286.713685 -17.617111 -40.036118 2.448771 -0.076577 -0.010813 -0.837375 0.541130
1741752287.765175 -17.814934 -40.503086 2.410258 -0.073185 -0.035570 -0.825563 0.558412
1741752288.950495 -17.629131 -41.005920 2.410761 0.079145 0.002274 0.876179 -0.475438
1741752290.135760 -18.013018 -41.345318 2.389805 0.066715 0.011974 0.885222 -0.460204
1741752291.170695 -18.163141 -41.694630 2.419075 0.081295 -0.001789 0.909060 -0.408654
1741752292.205661 -18.531754 -41.875134 2.397767 0.076772 0.022508 0.899504 -0.429525
1741752293.241284 -18.798166 -42.066975 2.415371 0.077843 0.011814 0.918035 -0.388604
1741752294.275604 -19.195652 -42.067677 2.424226 0.058664 0.034084 0.891717 -0.447480
1741752295.427335 -19.526226 -42.235725 2.478288 0.048109 0.031957 0.909918 -0.410747
1741752296.712803 -19.696062 -42.228664 2.523572 0.143029 0.072973 0.858336 -0.487316
1741752297.731039 -19.829651 -42.224434 2.520975 0.102316 0.075192 0.875729 -0.465807
1741752298.782814 -20.016985 -42.207882 2.489408 0.098769 0.054542 0.860680 -0.496488
1741752299.800961 -20.290373 -42.382507 2.455626 -0.090037 -0.003452 -0.832561 0.546557
1741752300.902645 -20.230656 -42.501041 2.406556 -0.079952 -0.046929 -0.719583 0.688190
1741752302.004457 -20.406702 -42.579609 2.452491 0.090438 0.048968 0.866952 -0.487665
1741752303.072803 -20.636021 -42.626736 2.439442 0.093999 0.012747 0.869880 -0.484057
1741752304.224514 -20.829390 -42.658150 2.451450 -0.057262 -0.058805 -0.838745 0.538303
1741752305.426466 -21.069221 -42.708427 2.420221 -0.062258 -0.067886 -0.858131 0.505101
1741752306.678576 -21.382509 -42.722271 2.515471 0.067316 0.051806 0.909673 -0.406547
1741752307.997302 -21.616682 -42.831539 2.489629 0.047461 0.052061 0.893917 -0.442661
1741752309.065667 -21.684467 -42.878922 2.481368 -0.081440 -0.088493 -0.763445 0.634578
1741752310.117256 -21.928282 -42.920216 2.461257 -0.043473 -0.086087 -0.752458 0.651542
1741752311.168980 -22.042545 -42.924370 2.469410 -0.084577 -0.155752 -0.735764 0.653636
1741752313.489360 -22.348999 -43.094597 2.514393 -0.103703 -0.155117 -0.643923 0.741989
1741752314.958289 -22.565727 -43.032780 2.482800 -0.033614 -0.107764 -0.539818 0.834178
1741752316.844517 -22.780148 -43.320072 2.469545 -0.043338 -0.098287 -0.637501 0.762925
1741752318.280231 -22.759499 -43.371918 2.487946 -0.047142 -0.090034 -0.581580 0.807116
1741752319.314926 -23.063009 -43.527653 2.459666 -0.024005 -0.119016 -0.307966 0.943619
1741752320.450340 -23.066376 -43.708614 2.445244 -0.037821 -0.112922 -0.264043 0.957131
1741752321.485306 -23.049541 -43.751362 2.462235 -0.075024 -0.109239 -0.184923 0.973777
1741752322.486897 -23.175232 -43.849888 2.457476 -0.048083 -0.118025 -0.116417 0.984990
1741752327.812073 -23.193829 -43.874050 2.447693 0.016154 -0.127852 -0.105216 0.986064
1741752329.013925 -23.314348 -43.956509 2.451284 0.003129 -0.147097 -0.107599 0.983247
1741752330.099030 -23.413857 -44.052979 2.458979 0.001626 -0.145848 -0.207773 0.967242
1741752331.451145 -23.426739 -44.222023 2.426359 -0.047317 -0.117551 -0.192366 0.973108
1741752332.486125 -23.450476 -44.366646 2.424033 -0.040374 -0.138936 -0.166502 0.975368
1741752333.704726 -23.516624 -44.530376 2.398500 -0.083777 -0.119636 -0.045968 0.988208
1741752337.777924 -23.599415 -45.107830 2.337801 -0.102633 -0.087250 0.142007 0.980657
1741752338.812882 -23.461777 -45.294376 2.370922 -0.101309 -0.098593 0.202911 0.968939
1741752339.897892 -23.452234 -45.627666 2.387128 -0.098671 -0.108868 0.240869 0.959372
1741752340.966249 -23.311785 -45.843231 2.399431 -0.086365 -0.116396 0.296940 0.943832
1741752342.084622 -23.146366 -46.018131 2.461374 -0.065816 -0.095984 0.324066 0.938849
1741752343.436845 -23.061932 -46.249355 2.478339 -0.054158 -0.114272 0.369221 0.920698
1741752345.623688 -22.748446 -46.422302 2.513452 -0.055031 -0.093015 0.458609 0.882042
1741752346.658676 -22.576706 -46.608116 2.549569 -0.028283 -0.100569 0.519957 0.847780
1741752347.743777 -22.481335 -46.692699 2.576005 -0.024236 -0.092613 0.563722 0.820398
1741752348.962443 -22.246954 -46.673889 2.555505 -0.021112 -0.068415 0.530054 0.844936
1741752350.748496 -21.771843 -46.862236 2.486537 -0.021981 -0.096659 0.632534 0.768163
1741752351.783524 -21.649723 -46.875000 2.470617 -0.023108 -0.026936 0.672794 0.738978
1741752352.851848 -21.378408 -47.052193 2.442920 0.013601 -0.086784 0.757084 0.647385
1741752353.936955 -21.098894 -47.011715 2.445495 -0.000283 -0.129753 0.802939 0.581767
1741752355.890028 -20.367493 -46.935226 2.478454 0.007552 -0.120378 0.783049 0.610153
1741752356.975155 -20.024139 -46.752766 2.446274 0.012223 -0.157312 0.820461 0.549498
1741752358.611030 -19.453575 -46.533764 2.470847 0.027786 -0.112196 0.876610 0.467113
1741752359.779637 -19.098326 -46.205898 2.491397 0.048116 -0.107514 0.914421 0.387246
1741752360.831635 -18.707947 -45.953457 2.522666 0.070740 -0.113781 0.926562 0.351473
1741752362.317013 -18.366110 -45.405411 2.431091 0.096025 -0.130277 0.962786 0.216449
1741752363.485471 -18.107325 -44.932976 2.384547 0.110985 -0.144372 0.967946 0.172975
1741752364.887707 -17.884369 -44.332775 2.385820 0.110599 -0.134462 0.983378 0.051528
1741752366.173071 -17.901558 -43.783867 2.363322 0.132452 -0.104008 0.984587 -0.047198
1741752367.491931 -17.944189 -43.128059 2.385678 0.162623 -0.094939 0.969823 -0.154870
1741752368.493420 -18.052265 -42.623920 2.441607 0.163796 -0.081320 0.962499 -0.200382
1741752369.578430 -18.369944 -42.231346 2.427961 0.191742 -0.111152 0.953777 -0.202953
1741752370.713681 -18.655952 -41.731632 2.485545 0.168691 -0.078360 0.965846 -0.180401
1741752371.832131 -19.005297 -41.277760 2.536110 0.158496 -0.076388 0.973992 -0.142774
1741752372.900394 -19.164743 -40.946751 2.531090 0.158510 -0.084674 0.969721 -0.165366
1741752374.002237 -19.352993 -40.725006 2.538439 0.135592 -0.074870 0.984678 -0.080111
1741752375.053861 -19.332705 -40.378269 2.612674 0.167327 -0.100929 0.980718 -0.002575
1741752376.055601 -19.496994 -39.951611 2.638193 0.126673 -0.131286 0.981440 0.059101
1741752377.290707 -19.459627 -39.709049 2.666899 0.140531 -0.097876 0.985184 0.009144
1741752378.576207 -19.517469 -39.940281 2.566389 0.155160 -0.048500 0.977358 -0.135440
1741752379.594589 -19.492445 -39.715797 2.618112 0.143420 -0.092406 0.981308 0.089036
1741752380.796298 -18.760874 -39.290447 2.772896 0.032959 -0.144900 0.705663 0.692789
1741752381.831325 -18.173422 -39.326817 2.831259 0.015068 -0.114800 0.516737 0.848278
1741752383.016652 -17.987947 -39.335777 2.917187 -0.065075 -0.149356 0.097477 0.981813
1741752386.672513 -17.973423 -39.379856 2.935185 -0.018341 -0.128063 0.127753 0.983332
1741752389.861388 -17.933924 -39.498207 2.879736 -0.042049 -0.098588 0.049102 0.993026
1741752392.197953 -17.927687 -39.343876 2.857559 -0.033836 -0.091534 0.111695 0.988939
1741752395.453161 -17.891071 -39.327381 2.874592 -0.013336 -0.098527 0.170013 0.980413
1741752399.125688 -17.877214 -39.313305 2.837591 -0.009105 -0.072004 0.105176 0.991802
1741752401.212397 -17.863556 -39.395607 2.831521 -0.022775 -0.031205 0.022788 0.998994
1741752403.466021 -17.879040 -39.225452 2.866029 -0.053686 -0.065508 0.034254 0.995818
1741752404.551000 -17.876417 -39.374138 2.874927 -0.053909 -0.051226 -0.014616 0.997124
1741752408.207194 -17.862541 -39.330250 2.942447 -0.021167 -0.114114 -0.034210 0.992653
1741752409.225642 -17.882683 -39.329510 2.972286 -0.021551 -0.137725 -0.038829 0.989474
1741752410.377623 -17.935286 -39.385132 2.916774 -0.035094 -0.183859 -0.016145 0.982193
1741752415.736587 -17.920334 -39.555325 2.896351 0.018650 -0.183318 0.117348 0.975846
1741752416.771688 -17.880020 -39.220745 2.857099 0.034984 -0.155271 0.299653 0.940678
1741752417.840169 -17.859720 -38.902691 2.847080 0.039957 -0.145391 0.466516 0.871566
1741752418.975523 -17.580797 -38.649338 2.882815 0.089171 -0.128651 0.624260 0.765374
1741752420.077333 -17.747557 -38.232578 2.901488 0.040747 -0.127014 0.725636 0.675026
1741752421.646665 -17.889189 -37.721146 2.901716 0.068912 -0.090098 0.830882 0.544765
1741752422.831967 -18.134260 -37.333145 2.951390 0.108829 -0.085829 0.856440 0.497292
1741752423.900431 -18.337524 -36.901161 2.924924 0.089644 -0.066281 0.907667 0.404613
1741752425.052390 -18.687426 -36.631012 2.940538 0.061080 -0.075025 0.869144 0.485005
1741752426.070738 -18.795630 -36.300343 2.941401 0.050505 -0.046266 0.885501 0.459561
1741752427.155937 -19.066410 -36.104572 2.971191 0.023802 -0.079289 0.853550 0.514392
1741752428.207752 -19.120432 -35.659321 2.966382 0.055630 -0.017702 0.888037 0.456052
1741752429.242753 -19.417610 -35.354687 2.958090 0.060224 -0.060464 0.857148 0.507952
1741752430.494943 -19.561304 -34.849854 2.994283 0.071892 -0.030005 0.900157 0.428543
1741752431.580029 -19.918056 -34.523975 2.998065 0.066974 -0.086818 0.856310 0.504689
1741752432.832116 -20.117823 -34.022537 3.009305 0.108497 -0.048494 0.874595 0.470064
1741752433.834449 -20.450336 -33.686680 3.025233 0.089828 -0.093552 0.860498 0.492669
1741752435.069706 -20.735266 -33.197319 3.015263 0.106929 -0.067530 0.894906 0.427960
1741752436.237900 -21.158283 -32.892231 3.050811 0.076064 -0.088440 0.874402 0.470971
1741752437.289530 -21.337591 -32.480991 3.039872 0.075718 -0.067234 0.884140 0.456117
1741752438.458302 -21.686867 -32.080608 3.015615 0.063554 -0.093063 0.844794 0.523090
1741752439.643650 -21.836809 -31.607182 3.044242 0.093352 -0.042006 0.890485 0.443348
1741752440.762114 -22.149927 -31.344236 3.007918 0.040411 -0.080824 0.880236 0.465853
1741752441.980827 -22.240129 -30.864523 2.987190 0.075014 -0.032632 0.900845 0.426364
1741752443.166149 -22.619982 -30.370777 2.945045 0.049218 -0.066215 0.854631 0.512640
1741752444.201215 -22.816017 -29.857204 2.965388 0.060944 -0.054416 0.885102 0.458170
1741752445.236196 -23.156940 -29.477640 2.970928 0.042802 -0.076704 0.864878 0.494238
1741752446.254776 -23.337732 -29.021385 3.009545 0.061630 -0.065945 0.882934 0.460739
1741752447.456722 -23.635336 -28.546618 2.975767 0.048379 -0.098297 0.817672 0.565163
1741752449.326490 -24.316679 -27.357815 2.985071 0.087127 -0.055165 0.868752 0.484392
1741752450.361526 -24.685249 -26.780834 3.053795 0.073758 -0.057086 0.846895 0.523518
1741752451.429999 -24.808542 -26.090431 3.056918 0.077608 -0.051721 0.875049 0.474964
1741752452.531797 -25.242208 -25.497002 3.019231 0.055692 -0.069344 0.871800 0.481720
1741752454.034427 -25.759617 -24.470230 3.032578 0.045889 -0.062039 0.874733 0.478422
1741752455.069483 -26.048180 -23.773643 3.029593 0.045967 -0.052176 0.908487 0.412088
1741752456.087793 -26.517775 -23.227840 3.020561 0.039351 -0.051381 0.896351 0.438596
1741752457.206358 -26.975206 -22.572598 3.080362 0.058575 -0.073366 0.872563 0.479396
1741752458.208057 -27.346365 -21.963207 3.068336 0.055887 -0.051501 0.900121 0.428959
1741752459.276424 -27.713100 -21.310652 3.015879 0.051771 -0.037550 0.866637 0.494822
1741752460.478462 -28.171614 -20.509403 2.973692 0.065758 -0.046790 0.879087 0.469779
1741752461.580129 -28.461821 -19.845610 2.987567 0.059986 -0.026650 0.905763 0.418670
1741752462.949245 -28.883852 -19.058723 2.943354 0.067039 -0.022822 0.880440 0.468838
1741752464.101057 -29.232864 -18.381294 2.973580 0.051090 -0.042481 0.876655 0.476510
1741752465.353359 -29.502546 -17.720367 3.017258 0.026810 -0.013681 0.903918 0.426645
1741752467.139590 -30.228718 -16.913467 3.003916 0.075708 -0.040553 0.906092 0.414272
1741752468.258076 -30.712549 -16.375650 2.978889 0.039386 -0.018717 0.887442 0.458853
1741752469.293120 -31.077835 -15.699360 2.956315 0.033258 -0.028437 0.887784 0.458175
1741752470.378313 -31.616425 -15.075851 2.985322 0.066268 -0.023913 0.894352 0.441782
1741752471.530241 -32.121239 -14.400723 3.131148 0.074583 -0.047511 0.887028 0.453167
1741752472.632059 -32.479015 -13.723609 3.152347 0.033162 -0.023684 0.919381 0.391252
1741752473.967646 -32.981838 -12.905994 3.133083 0.044835 -0.034732 0.948128 0.312790
1741752475.019354 -33.412041 -12.344303 3.118048 0.031124 -0.012669 0.955146 0.294224
1741752476.037781 -33.809883 -11.725231 3.093829 0.028079 0.007763 0.980221 0.195748
1741752477.339853 -34.700825 -11.296719 3.150810 0.077464 0.011912 0.990558 0.112481
1741752478.842448 -35.463619 -11.235662 3.146785 0.031804 -0.015525 0.922045 0.385461
1741752480.211372 -36.189125 -10.695825 3.137481 -0.009538 -0.073714 0.902642 0.423925
1741752481.229665 -36.678329 -10.342382 3.178214 0.027443 -0.054339 0.917163 0.393835
1741752482.231363 -37.086864 -9.897823 3.150357 0.042083 -0.032285 0.864101 0.500515
1741752483.383316 -37.454235 -9.100845 3.183422 0.079937 -0.077210 0.859090 0.499612
1741752484.518505 -37.640442 -8.381804 3.228291 0.071315 -0.070639 0.904484 0.414527
1741752485.587017 -38.004452 -7.713042 3.272804 0.103850 -0.056755 0.891480 0.437329
1741752486.638662 -38.369034 -7.036166 3.304312 0.102174 -0.096784 0.918987 0.368316
1741752487.723650 -38.827312 -6.441337 3.341448 0.122117 -0.046329 0.934603 0.330845
1741752488.892341 -39.297096 -5.831975 3.398234 0.103562 -0.047743 0.940653 0.319637
1741752490.094457 -39.661777 -4.996145 3.456852 0.132409 -0.043184 0.952694 0.270143
1741752491.179454 -40.216480 -4.384573 3.446579 0.079064 -0.058840 0.978070 0.183481
1741752492.197915 -40.774616 -3.873341 3.474667 0.132712 -0.036760 0.965456 0.221204
1741752493.232952 -41.223709 -3.307316 3.427654 0.082019 -0.058204 0.978814 0.178348
1741752494.268029 -41.791359 -2.803904 3.456011 0.089437 -0.008531 0.965406 0.244785
1741752495.303058 -42.157219 -2.262444 3.482993 0.105709 -0.062263 0.959464 0.253729
1741752496.304723 -42.592644 -1.810430 3.414160 0.110369 -0.009165 0.957006 0.268092
1741752497.322894 -42.962738 -1.358523 3.424529 0.103559 -0.046327 0.962496 0.246438
1741752498.341343 -43.589161 -1.016871 3.350140 0.075440 -0.028742 0.976477 0.199937
1741752499.510002 -44.270802 -0.699662 3.395243 0.064927 -0.051622 0.982760 0.165233
1741752500.711932 -44.775295 -0.339731 3.367882 0.047566 -0.022444 0.996521 0.064650
1741752501.713615 -45.133530 -0.422748 3.354220 0.066711 -0.059724 0.977917 -0.188843
1741752502.765435 -45.590683 -0.490793 3.273483 -0.078852 -0.066385 -0.706704 0.699961
1741752503.883842 -45.321091 -0.629182 3.335586 -0.043819 -0.103491 -0.473847 0.873406
1741752504.885518 -45.366074 -0.664699 3.360243 -0.010577 -0.092782 -0.305170 0.947708
1741752507.039110 -45.378574 -0.648032 3.285184 -0.071591 -0.127921 -0.285713 0.947037
1741752510.377920 -45.395634 -0.694056 3.270931 -0.075756 -0.075374 -0.315473 0.942898
1741752511.596647 -45.255714 -0.596484 3.272641 -0.093144 -0.033851 -0.369413 0.923966
1741752512.598232 -45.269817 -0.662639 3.303285 -0.056395 -0.107449 -0.274633 0.953861
1741752513.683420 -45.205650 -0.630827 3.251393 -0.059991 -0.080219 -0.213378 0.971821
1741752516.838554 -45.187572 -0.697398 3.294460 0.004275 -0.124993 -0.246489 0.961042
1741752519.977217 -45.215794 -0.756109 3.309397 -0.055306 -0.153246 -0.350549 0.922265
1741752521.145748 -45.178219 -0.863948 2.409609 -0.030337 -0.114709 -0.291387 0.949218
1741752522.147431 -45.187851 -0.880955 2.217754 -0.054620 -0.085414 -0.283721 0.953532
1741752546.604051 -45.163494 -0.882909 2.202568 -0.068731 -0.028783 -0.283521 0.956067
