1741749997.6578424 -0.15646597743034363 -0.26739808917045593 -0.062067337334156036 -0.053020012580568016 -0.016679711936177805 -0.12677778433278863 0.9903726876176606
1741749998.7930162 -0.16829803586006165 -0.2786254584789276 -0.06613663583993912 -0.051294656379369426 -0.01835975231059435 -0.1301185024206213 0.9900004770899115
1741749999.8611324 -0.19194895029067993 -0.3306342661380768 -0.06020557880401611 -0.03532886907371132 -0.0216824171110287 -0.14645497897777987 0.9883484647910203
1741750000.8790143 -0.19003839790821075 -0.3433574438095093 -0.06298817694187164 -0.04637264286311343 -0.015708454559960828 -0.21719472620562838 0.9748996233622744
1741750002.0807822 -0.1457604169845581 -0.44699588418006897 -0.05705145373940468 -0.007057700624568926 -0.008146693757301295 -0.19048418949451934 0.9816310877551102
1741750003.2158623 -0.0788506418466568 -0.7105007767677307 -0.06625492125749588 0.013274435776744349 0.009410975534757709 -0.2209389412468592 0.9751518971768236
1741750004.2173023 0.14221706986427307 -0.8459404706954956 -0.06859208643436432 -0.002856558671064386 0.00450797535747576 -0.42520102669692816 0.9050832011508965
1741750005.5190454 0.27776628732681274 -1.1131842136383057 -0.0694037526845932 0.0032610361583504895 0.041120278857948674 -0.5679287940113593 0.8220434183084051
1741750006.6540134 0.21311576664447784 -1.3895500898361206 -0.05632082372903824 0.020051491095711315 0.017838754572468776 -0.5988372799359734 0.8004209126391794
1741750007.8056653 0.3834454417228699 -1.7808887958526611 -0.07822404056787491 -0.007290407005775411 0.01914405425219505 -0.6562353266489942 0.7542781999390982
1741750008.8906693 0.4056510627269745 -2.218641757965088 -0.0969860851764679 0.016260031618111383 -2.0893654641239754e-05 -0.5975443682613836 0.8016709758090222
1741750010.0088692 0.6030468940734863 -2.5918378829956055 -0.09964339435100555 0.018956947247760734 0.03194521440990971 -0.6659164578927264 0.7451009586111754
1741750011.0102122 0.6951395273208618 -2.9605472087860107 -0.10133194178342819 0.024734941028905215 0.02448022224670869 -0.6501468669757835 0.7590112348624661
1741750012.0783672 0.7238879799842834 -3.2681617736816406 -0.08031433820724487 0.009011984688473907 0.02037110104325696 -0.6722503045651398 0.7399887140321987
1741750013.0965652 0.9141044020652771 -3.6086442470550537 -0.06414107233285904 0.01083812820488718 0.030797483261561072 -0.7067689610511915 0.7066906904427065
1741750014.1480112 0.9089480638504028 -3.947031021118164 -0.07640045881271362 0.03147718920844889 0.039977687556238393 -0.6721080894297893 0.7387026840393582
1741750015.1662123 0.9741812944412231 -4.255757808685303 -0.08975448459386826 0.020892134666699806 0.058509500433419626 -0.7498629126614079 0.6586697223507347
1741750016.1676753 0.8305452466011047 -4.591083526611328 -0.15003350377082825 0.04124930925722673 0.01874840893914729 -0.7181770444665472 0.6943837939374222
1741750017.2523263 0.8202412724494934 -4.975618839263916 -0.1965215504169464 -0.005838344798773468 -0.0013844877154704054 -0.7209884636039745 0.6929211588347117
1741750018.2873132 0.7802704572677612 -5.306921482086182 -0.2426687628030777 0.03182562873880679 0.029674431702348476 -0.7248920188874446 0.6874868760156766
1741750019.3888392 0.6185464262962341 -5.5804901123046875 -0.2058154046535492 0.00994891860277097 -0.0010001721894783641 -0.7012951472634337 0.7128009687508637
1741750020.5405214 0.5827711820602417 -5.960703372955322 -0.1639830619096756 0.005656986236677065 0.02107383539868025 -0.713672948571914 0.7001392123893353
1741750021.6254473 0.5134395360946655 -6.349462032318115 -0.17113636434078217 0.020640287511340033 0.013518330478027555 -0.6383420732412177 0.7693572646451267
1741750022.6768293 0.5142830610275269 -6.5952277183532715 -0.1616438776254654 0.0009407450011016378 0.01704714591558367 -0.6266367829350342 0.7791244010035567
1741750023.8285344 0.6258349418640137 -6.948643207550049 -0.17685993015766144 0.004931487015277136 0.005017827575678492 -0.5781164379157597 0.8159239955385023
1741750024.9634683 0.6100090742111206 -7.260298252105713 -0.16839317977428436 0.011085021468136008 -0.019862309684324016 -0.44492073848552516 0.8952810568222929
1741750025.9982703 0.8524206280708313 -7.497042179107666 -0.1668756604194641 -0.01971479813829022 -0.025344842429319676 -0.41787065881614704 0.9079389044235522
1741750027.0163422 1.0441551208496094 -7.733492851257324 -0.2009316086769104 0.010870901151495365 -0.00943517310323491 -0.2925829265124139 0.9561318121906928
1741750028.1012523 1.1113542318344116 -7.953420162200928 -0.16670331358909607 0.022320361908838328 -0.015922494021978515 -0.2461384655948636 0.9688468007977046
1741750029.1694553 1.4407294988632202 -8.059629440307617 -0.15707355737686157 0.0019364747723041378 -0.026475931817630027 -0.20363313198963667 0.978687294160775
1741750030.2208984 1.7742764949798584 -8.105225563049316 -0.18643388152122498 0.010942287261445992 -0.005072634527992699 -0.027087143771312952 0.9995603116312701
1741750031.2726412 2.0475473403930664 -8.217764854431152 -0.1686931699514389 0.010230826054824319 -0.010845187841646921 0.009475840553577758 0.999843942863063
1741750032.3739562 2.4471545219421387 -8.02010726928711 -0.18782640993595123 0.01829921642264875 -0.024066623732639767 0.13740999887571945 0.9900527426368474
1741750033.4255984 2.8329012393951416 -7.919917106628418 -0.2174157351255417 0.03569731921787638 -0.012222374574753024 0.29519650891488697 0.9546912332140265
1741750034.5271182 3.067728042602539 -7.709776878356934 -0.23925918340682983 0.017430812684107802 -0.022404169738686912 0.32944871193941894 0.9437466728707585
1741750035.5451603 3.2073264122009277 -7.467741012573242 -0.22599336504936218 0.017615177342792686 -0.019832527956566162 0.3782261409394727 0.9253330997027928
1741750036.6133223 3.5146400928497314 -7.314329624176025 -0.23092852532863617 0.027982082988911878 0.004006658262853018 0.49483980673100564 0.8685243543368227
1741750037.7148962 3.6505069732666016 -7.055588245391846 -0.23173226416110992 0.014927289455556231 -0.01976806159235544 0.49439550530779475 0.868884059455958
1741750038.9333234 3.671344518661499 -6.765106678009033 -0.25335007905960083 -0.0036929232322089503 -0.00561651362357511 0.537049397243191 0.843524037232902
1741750039.9681623 3.8921055793762207 -6.595602512359619 -0.2234366238117218 0.011058110609278424 0.01465122991165997 0.6115407437214702 0.7909999892961812
1741750041.1865532 3.861006736755371 -6.238026142120361 -0.23610536754131317 -0.00701026993726789 0.001596090741050337 0.6143292685148681 0.7890170244766208
1741750042.2718682 4.013339996337891 -5.9143147468566895 -0.23628121614456177 0.025347243056986497 -0.005261961631963648 0.671208105122871 0.7408167578734874
1741750043.3061113 4.102380275726318 -5.697315216064453 -0.25108301639556885 0.025150097354151975 -0.008807342506858796 0.6352162939434721 0.7718744957493667
1741750044.5413063 4.225374221801758 -5.361310005187988 -0.24971188604831696 0.005175216561300393 0.006017953861957012 0.5404202971421002 0.8413577782173723
1741750045.7764723 4.2929840087890625 -5.102391719818115 -0.22386951744556427 0.01129867243492289 -0.004161788458424642 0.47082965615131395 0.8821419811092747
1741750046.8612773 4.50986909866333 -4.907224178314209 -0.22204884886741638 0.011824895797301904 -0.011238549957514402 0.39170865703942037 0.9199446819094274
1741750047.8627453 4.781083106994629 -4.8676347732543945 -0.21832479536533356 0.02844453932692593 -0.009875519121331604 0.3127649443958299 0.9493531889353151
1741750049.0477533 5.079204559326172 -4.615920066833496 -0.20720994472503662 0.014998619448758544 -0.015724774217071896 0.21363915300896458 0.9766709229362451
1741750050.0825713 5.4065022468566895 -4.641578197479248 -0.21709533035755157 0.029522972716547503 -0.00865210537696165 0.2087898426092652 0.9774765162317826
1741750051.2008862 5.710164546966553 -4.450699329376221 -0.209707573056221 0.005783893177948652 -0.010663264454967274 0.11768910858413667 0.9929763856679774
1741750052.2357154 6.1531853675842285 -4.450562477111816 -0.21904484927654266 0.011586534720012141 0.018555120226984297 0.10570731677432402 0.9941566406039151
1741750053.3538764 6.4771575927734375 -4.513223171234131 -0.18892526626586914 0.0007072705268664219 -0.0034449759985348636 -0.030239981057876262 0.9995364813632692
1741750054.3553152 6.809051036834717 -4.552563667297363 -0.1813087910413742 0.022383380140562827 0.015379272439408136 -0.10724903362127312 0.9938612134949062
1741750055.4439664 7.121891021728516 -4.743600368499756 -0.19208645820617676 0.023152382999454744 0.001672192880803335 -0.10599596742965307 0.9940955820727782
1741750056.4523532 7.550625801086426 -4.805723667144775 -0.1926068812608719 0.005706331771429192 -0.03131379143982177 -0.20043518102255686 0.9791897794687604
1741750057.5610273 7.975353240966797 -4.997125148773193 -0.23473109304904938 0.007949533846402342 -0.05738075044679993 -0.14403865526732612 0.9878750520431271
1741750058.6693144 8.45080852508545 -5.150525093078613 -0.2453613430261612 0.006210931921731727 -0.03322299186330001 -0.26566790816507796 0.9634719548481578
1741750059.7603533 8.88460636138916 -5.2686381340026855 -0.2587489187717438 0.008713791124160465 -0.023751502738026457 -0.20017340676048134 0.9794337824773499
1741750060.8007433 9.10644245147705 -5.467414855957031 -0.2541203200817108 0.007491633175845823 -0.02066324597700452 -0.22733651175080644 0.9735681862460267
1741750061.8578622 9.406725883483887 -5.543164253234863 -0.25857728719711304 0.023739275637793465 -0.04458796353437826 -0.23258749245446322 0.971262795426615
1741750062.8639383 9.475896835327148 -5.737794399261475 -0.2716670632362366 0.037096206807659224 -0.03330281211562549 -0.20355228367967657 0.9777940766185939
1741750064.0878234 9.816414833068848 -5.834234237670898 -0.25752314925193787 0.012872898264902977 -0.013262211105373508 -0.2724161267725665 0.9620020017751776
1741750065.1605444 10.123730659484863 -6.070293426513672 -0.2656429409980774 0.042359077750402964 -0.00930266556513463 -0.27264748425701774 0.9611360608398516
1741750066.1659062 10.248355865478516 -6.274540424346924 -0.2451346516609192 0.04339200797047184 -0.016744108167341752 -0.40250230134806436 0.9142366553134041
1741750067.3386984 10.479451179504395 -6.406193256378174 -0.2597786486148834 -0.05252755714149604 0.0480206839881519 -0.6102512948912864 0.789004616455526
1741750068.6452172 10.503941535949707 -6.870757579803467 -0.33302056789398193 0.0060452704767826335 -0.005755349711642065 -0.5067392904801005 0.8620589652488544
1741750069.7504354 10.617237091064453 -7.1087188720703125 -0.28878870606422424 0.010842797206941989 -0.007335931361232681 -0.5507042529748386 0.8345977707266544
1741750070.7885303 10.670988082885742 -7.279947757720947 -0.27088749408721924 0.00022426734808812806 -0.012309482455251375 -0.6474237423611351 0.7620307870112176
1741750071.8264372 10.575065612792969 -7.62930965423584 -0.28306785225868225 -0.005406943251381935 -0.053742970609655515 -0.6435927507806973 0.7634598225387836
1741750072.9311333 10.558048248291016 -7.971255779266357 -0.276300311088562 -0.02164388408565822 -0.012696378467433243 -0.7526665235759163 0.6579235852968713
1741750074.3199444 10.332466125488281 -8.407660484313965 -0.32570362091064453 -0.006631454896235487 -0.018602108879809058 -0.7723837553372651 0.6348490616174586
1741750075.4243922 10.251849174499512 -8.788470268249512 -0.3157366216182709 -0.022235913840755427 -0.019293520128924036 -0.8232827481341759 0.5668677061635815
1741750076.6625054 9.971917152404785 -9.194723129272461 -0.34485945105552673 -0.018409915081137835 -0.008517700350309123 -0.8083749158498932 0.5883185138020159
1741750077.7163343 9.907651901245117 -9.522150993347168 -0.3796311914920807 -0.06181802020784652 -0.013299293492300494 -0.8261776107278335 0.5598501201568526
1741750078.8202722 9.757046699523926 -9.893439292907715 -0.4282992482185364 -0.012845066246954352 -0.020580808327301976 -0.7544483404908112 0.6559109379559357
1741750079.9073832 9.665566444396973 -10.185715675354004 -0.4181263744831085 0.0012967253262181342 -0.008731166407375243 -0.6975014637705486 0.7165290893604631
1741750080.9944723 9.819610595703125 -10.528282165527344 -0.37125909328460693 -0.01784667325701654 0.018797226171361984 -0.6120550505490873 0.7903903137912272
1741750082.0813184 9.889001846313477 -10.92625904083252 -0.33169952034950256 0.013138109261106038 -0.0060685571992510805 -0.4446159453188732 0.8956043852771565
1741750083.3855102 10.2301025390625 -11.226371765136719 -0.2997989058494568 -0.008844942040240862 -0.008906429326565797 -0.3905324869849175 0.920503574153565
1741750084.7230763 10.557987213134766 -11.452437400817871 -0.32089972496032715 -0.0020114062749971426 -0.03521886905842178 -0.20279375657710033 0.9785858555487059
1741750085.8096852 10.814111709594727 -11.576058387756348 -0.32984277606010437 -0.006533507752608494 -0.04084838497980074 -0.10850543532424396 0.9932347650408517
1741750086.8962252 11.235695838928223 -11.517409324645996 -0.3393261432647705 0.0013439634144988607 -0.023616359444590382 -0.017011352699614422 0.9995754428484251
1741750087.9326472 11.675814628601074 -11.589977264404297 -0.39577192068099976 0.016723331723561087 -0.027380692635440202 0.17445749610704006 0.9841418671424115
1741750089.0022812 12.021183967590332 -11.38510513305664 -0.40157222747802734 0.023039305355627215 -0.08521164917199339 0.17740375772681605 0.9801714473004106
1741750090.7739162 12.54412841796875 -10.892081260681152 -0.46924859285354614 0.02247281160687965 -0.02836683410039479 0.4572463253355877 0.8886034509495856
1741750091.8601553 12.790424346923828 -10.53126049041748 -0.4638464152812958 0.024232890034765298 -0.03425715536970901 0.44773954607748817 0.8931788837230014
1741750093.0132923 13.036725044250488 -10.22888469696045 -0.4284261465072632 0.029100690849439025 -0.0431039404177771 0.5006657275012026 0.8640769812420681
1741750094.2165892 13.293556213378906 -9.888627052307129 -0.45855283737182617 0.020231853970057775 -0.027721165695149527 0.49071836439391053 0.8706421130347642
1741750095.2190652 13.439301490783691 -9.647628784179688 -0.4332224428653717 0.018409423335525893 -0.012283462599225286 0.48558282476823245 0.873910489589557
1741750096.2550683 13.708722114562988 -9.363213539123535 -0.4213936924934387 0.02241720622248247 0.005126515301036591 0.5255737832898048 0.850437173195857
1741750097.3412273 13.863580703735352 -9.051013946533203 -0.3881623148918152 0.004296628510039505 -0.0036325836302888294 0.4343418416981424 0.9007305488312597
1741750098.7113414 14.192808151245117 -8.68114185333252 -0.39555397629737854 0.02768492488722223 -0.005663850541962276 0.4167331903880492 0.9085895331589123
1741750099.7639022 14.381071090698242 -8.38963508605957 -0.37301790714263916 0.006623745574736657 -0.019939664900398068 0.2572150000388107 0.9661257639785809
1741750100.7663922 14.659914016723633 -8.136978149414062 -0.3866141736507416 0.008288702062461722 -0.03863479340269726 0.3058506420033213 0.9512591938772548
1741750102.1362722 14.850503921508789 -7.913326740264893 -0.36271828413009644 -0.013243935238624221 0.015848410170913388 0.10155064226816113 0.9946159545474661
1741750103.2390382 15.184377670288086 -7.843587398529053 -0.37888211011886597 0.03659130043786377 -0.027232269198887837 0.1785993895655865 0.9828640528562526
1741750104.2916393 15.429404258728027 -7.668754577636719 -0.40814465284347534 0.02517615311511335 -0.04343178982602199 0.11823465655699529 0.9917158973452078
1741750105.3942144 15.715516090393066 -7.691897869110107 -0.41205647587776184 0.02799352604765464 -0.012193292129133249 0.07658684453755975 0.9965952713949883
1741750106.4466312 15.983992576599121 -7.768321990966797 -0.4232591688632965 0.00622801951589751 -0.026589536934031793 -0.0967589083135413 0.9949331216285058
1741750107.4823592 16.328231811523438 -7.829173564910889 -0.42240628600120544 0.0005948104105105782 -0.005234121792042917 -0.2531721065721523 0.9674069184985709
1741750108.6351223 16.608930587768555 -8.116537094116211 -0.4095408022403717 -0.014628184960359952 -0.019842358772275196 -0.3682916131939881 0.929383444552098
1741750109.8878012 16.985536575317383 -8.391974449157715 -0.41089680790901184 -0.011928790917083026 -0.0329747377042269 -0.4599110182064801 0.8872723552733768
1741750110.8902214 17.17700958251953 -8.741618156433105 -0.4589570462703705 -0.014636170975874723 -0.01876964428977725 -0.5008828590752825 0.865187753493389
1741750111.9761333 17.51864242553711 -8.978838920593262 -0.46521347761154175 -0.07371242482039386 0.02399631130391522 -0.563416195608174 0.8225283350310431
1741750112.9783602 17.71048355102539 -9.390389442443848 -0.5080162882804871 -0.009737812147640593 -0.0053214906490592125 -0.5028743744236608 0.8642882778164611
1741750114.3147264 18.024925231933594 -9.84206771850586 -0.47689202427864075 0.01058643820236271 0.028529901169650086 -0.6309922915615667 0.7751920335257708
1741750115.3167882 18.074111938476562 -10.258013725280762 -0.5021904110908508 0.03445042905107915 -0.019862270234437644 -0.6199834216309796 0.7836065418724414
1741750116.3358343 18.25632095336914 -10.661853790283203 -0.5092071294784546 -0.013181801947983159 -0.01887316751003699 -0.7333335083218046 0.6794791943787293
1741750117.5051563 18.238842010498047 -10.953926086425781 -0.5943623185157776 -0.03152167810862136 0.0326189767407684 -0.7363340223823339 0.6750959769644284
1741750118.5240393 18.156246185302734 -11.21094036102295 -0.5818647146224976 0.08476883415606394 0.05104004318801555 -0.7466331040924011 0.6578360419693201
1741750119.6432822 18.11347770690918 -11.7269926071167 -0.40071356296539307 0.041723253995658315 0.012084598841424527 -0.7785272007073486 0.6261059869760865
1741750120.7459712 17.84101676940918 -12.079696655273438 -0.30733823776245117 0.012436997308994674 -0.052275118855734576 -0.7223663275359034 0.6894197536961783
1741750122.1153064 17.80804443359375 -12.52702522277832 -0.34980469942092896 -0.03373564087781374 -0.05536000933518897 -0.7357136784352069 0.6741830195289289
1741750123.1844313 17.723649978637695 -13.037229537963867 -0.3825817406177521 0.001918477498072637 -0.06784533794790318 -0.6311483953633299 0.7726868927127927
1741750124.2700632 17.887399673461914 -13.481385231018066 -0.37373223900794983 -0.029260795272787247 -0.07003682150125345 -0.5826076774088702 0.8092014222353204
1741750125.2890413 18.012025833129883 -13.919108390808105 -0.3828745484352112 -0.0233776502213939 -0.08740834197463364 -0.4442849640112868 0.8913047354932218
1741750126.6751823 18.458166122436523 -14.285726547241211 -0.37754109501838684 0.007600061217039642 -0.0677800556574663 -0.2866982587914156 0.9555899841799255
1741750127.7442763 18.83115577697754 -14.588080406188965 -0.3753787577152252 0.019024715331422783 -0.06221367857757008 -0.07623938086916478 0.9949648574872293
1741750129.2306974 19.475942611694336 -14.592750549316406 -0.367470920085907 0.030530551639169318 -0.04738767134867556 0.08709536726286117 0.9946037892319677
1741750130.8676693 20.07245445251465 -14.330196380615234 -0.3856452405452728 0.04678334168019659 -0.04186255155812935 0.23386455957391664 0.9702402849706211
1741750132.0365252 20.469697952270508 -14.075942993164062 -0.4456232786178589 0.04670743256168676 -0.05677026162652581 0.37815875083412986 0.9228171528854907
1741750133.1057382 20.72939109802246 -13.666240692138672 -0.5040549635887146 0.046334210392882075 -0.05423409412300899 0.45522264078922425 0.8875157307855965
1741750134.2748933 21.11223602294922 -13.252363204956055 -0.5642000436782837 0.0636930737326139 -0.04253567240423963 0.5454444275011081 0.8346402271784767
1741750135.4107292 21.274826049804688 -12.734564781188965 -0.5836531519889832 0.06874570049421487 -0.05411489330364198 0.5242676631371695 0.8470472618099751
1741750136.7134223 21.4794979095459 -12.131108283996582 -0.6249213218688965 0.051621068923124 -0.024333637460193222 0.6794575597023306 0.7314920244975044
1741750138.3502994 21.488723754882812 -11.33307933807373 -0.5762568116188049 0.048705848557414194 -0.0067063739427358614 0.7651744929895173 0.6419429364416642
1741750139.4526272 21.507600784301758 -10.886735916137695 -0.5805937647819519 0.033615347325159806 -0.0036305519308350957 0.7743083743153911 0.6319045511574441
1741750140.6383822 21.37688446044922 -10.44482421875 -0.515076220035553 0.039369422133547265 -0.008361395580002704 0.8219408276254317 0.5681491738391695
1741750141.7073164 21.25742530822754 -10.018209457397461 -0.5096749067306519 0.04667748826347813 -0.022861811866868156 0.8213009733872547 0.568122526022851
1741750142.8098512 21.083097457885742 -9.661492347717285 -0.50190269947052 0.05461440924799317 0.00765443805861054 0.8627565578413305 0.5026031322830967
1741750144.0458193 20.90791130065918 -9.202031135559082 -0.5454821586608887 0.030357100535846865 -0.002041679077810042 0.8519601011750193 0.5227219544581191
1741750145.1147842 20.710670471191406 -8.908529281616211 -0.548373281955719 0.024567638851480066 0.00256387011257747 0.8351427864952738 0.5494783696775999
1741750146.1669004 20.624296188354492 -8.512887954711914 -0.5737265348434448 0.04666050988961639 0.003104670287472835 0.862950459690353 0.5031199863728991
1741750147.3695273 20.27356719970703 -8.185873985290527 -0.5466039180755615 0.030153466577962112 -0.010426238036041804 0.8622622189761743 0.5054564178235956
1741750148.3716502 19.997825622558594 -7.835024356842041 -0.5811399817466736 0.05656482862669526 0.011155340630948718 0.9366077309582846 0.34560382314101606
1741750149.4071343 19.552749633789062 -7.650632858276367 -0.5719257593154907 0.047687814249993694 -0.007828794618023532 0.9480038312862735 0.3145684660278485
1741750150.4761252 19.23570442199707 -7.388719081878662 -0.5759783387184143 0.05939347538452206 0.008131526280394928 0.9603101574403374 0.2724164606132713
1741750151.7454083 18.87221336364746 -7.245678424835205 -0.567911684513092 0.03832416919987136 -0.010353646453393947 0.9626004011872211 0.2680010495240147
1741750152.7976882 18.56349754333496 -7.115808486938477 -0.5772826075553894 0.03141706496141072 0.005698256743826502 0.971927883328504 0.2331023006791488
1741750153.8498673 18.317907333374023 -6.934980392456055 -0.5854873061180115 0.004237915724468998 0.0297590251485273 0.969858273937782 0.24180856807076653
1741750154.9187653 18.078231811523438 -6.887997150421143 -0.5588244795799255 0.01447581557609174 0.0022635198908149906 0.9087235877043626 0.41714118603335315
1741750155.9710693 17.82424545288086 -6.644561767578125 -0.5727216005325317 0.038760374648968345 0.011114926033655973 0.9426199501012607 0.33142383491604044
1741750157.1734412 17.533567428588867 -6.565469741821289 -0.5670061707496643 0.011363273705006746 0.00014769608112789038 0.909020488826521 0.4165965041206529
1741750158.1757002 17.395679473876953 -6.39636754989624 -0.541716456413269 0.02019372185190019 0.002113988480497659 0.9210621191778416 0.38888600427310976
1741750159.4450603 17.07282066345215 -6.21791410446167 -0.5271697044372559 0.034765991011418126 -0.011167155785960494 0.9379890358488432 0.3447364523948114
1741750160.4972062 16.775590896606445 -6.023318767547607 -0.5314587354660034 0.03801341939757163 0.0047244940553846345 0.970564174109489 0.23777680010980287
1741750161.7999973 16.38446044921875 -5.914430618286133 -0.5176638960838318 0.014896697285100933 -0.013852244721369124 0.9577016778777873 0.2870429753203125
1741750163.4534712 15.86027717590332 -5.6805291175842285 -0.6176565885543823 0.028488055937721052 -0.0033053660462172736 0.976537597338737 0.21342889679092897
1741750164.5225003 15.42076587677002 -5.557972431182861 -0.6219677329063416 0.03691894116087491 0.011541061330549555 0.9791260907037904 0.1995393876893128
1741750165.6414354 15.111634254455566 -5.384100437164307 -0.6750762462615967 -0.06534861935957517 0.008492567407633869 0.9868693462594004 0.14746643533792886
1741750166.6936152 14.909272193908691 -5.380727767944336 -0.6445541381835938 -0.058774713398800756 -0.03794687221068906 0.9349718018731924 0.3477547269399849
1741750167.7792692 14.744745254516602 -5.175939559936523 -0.6479684114456177 -0.019706701121158254 -0.0020887335898196057 0.9671674769459675 0.253366175365209
1741750168.8481743 14.530311584472656 -5.062444686889648 -0.6425089240074158 -0.015040051170951835 -0.003595456756400504 0.9757295947608295 0.21843225619237897
1741750169.8837402 14.309205055236816 -5.038707256317139 -0.6716956496238708 -0.0378664333083649 -0.05075772365714449 0.9555702735693969 0.28788063054670815
1741750171.1863883 13.963337898254395 -4.765636444091797 -0.7293233275413513 -0.046717825617845245 0.050439304902605835 0.9889837414448465 0.13108953834935302
1741750172.3388443 13.897392272949219 -4.696628570556641 -0.6957015991210938 0.004853281116465354 0.04658765750289644 0.9819435411250054 0.18328391763287646
1741750173.4077373 13.525446891784668 -4.702998638153076 -0.682908296585083 -0.04676215701543012 0.011507482068257482 0.9726369541812686 0.22728453203981383
1741750174.4766543 13.3408784866333 -4.480416297912598 -0.6912670731544495 -0.03682944433085223 0.04491733157773404 0.9812467611465941 0.18379579606446914
1741750175.5623302 13.301844596862793 -4.4115309715271 -0.7223173379898071 -0.055260581710232855 0.05414795211659905 0.9845958946278042 0.15679695710473215
1741750176.7314024 13.239216804504395 -4.4082183837890625 -0.7533187866210938 -0.06775612615654178 0.03632966669069845 0.9876719092775386 0.1363578007137151
1741750177.7836874 13.198142051696777 -4.366499900817871 -0.7385865449905396 -0.09212893141000375 0.06171438638351991 0.984127899218465 0.13854944164455407
1741750178.8693113 13.030025482177734 -4.339848518371582 -0.6278636455535889 -0.006669100717874133 0.027500271407205543 0.9854343406000938 0.16768570599154495
1741750180.0215433 12.74775218963623 -4.29681921005249 -0.602738618850708 0.01587303878534228 0.003949345097348167 0.9819669788969704 0.1883435663736279
1741750181.0238583 12.313547134399414 -4.095792770385742 -0.6607115268707275 -0.04659375065819323 0.011185806113257635 0.9849179299530397 0.16625465579344825
1741750182.1094804 11.846656799316406 -4.195316791534424 -0.6316956281661987 -0.0382746642734192 -0.0232313187969128 0.9787666851511805 0.2000279128846395
1741750183.1950264 11.40087890625 -3.8833422660827637 -0.6407264471054077 0.019561004330583873 0.027030580756426156 0.9907704544381629 0.13137948351775908
1741750184.5312042 10.744434356689453 -3.7884936332702637 -0.6207728981971741 0.01013040808100204 0.030407191225663235 0.987260162828638 0.15585317623856898
1741750185.6502492 10.207289695739746 -3.6772077083587646 -0.6447394490242004 0.0033346185531008678 0.026534465652725506 0.999452828674344 0.019465557689596697
1741750186.6857793 9.666155815124512 -3.6383652687072754 -0.6480830311775208 0.030614824601029836 0.04532724049772934 0.9979377358441621 -0.03359298992622702
1741750187.9384003 9.016222953796387 -3.3514981269836426 -0.6479800939559937 0.054937179075927586 0.024605750263676816 0.9947233159948341 0.08307814584302188
1741750188.9571893 8.515593528747559 -3.0942723751068115 -0.6431837677955627 0.06493931855753296 0.04037190932114731 0.9950118453672167 0.06406583074954908
1741750190.0594614 7.927098751068115 -2.9795234203338623 -0.6473863124847412 0.05809673351158906 0.01566717829711675 0.9907878104153478 0.12132123729768428
1741750191.4122562 7.183227062225342 -2.735950469970703 -0.668178915977478 0.05754512035976517 0.007330297184886751 0.994558632436978 0.0865326165560671
1741750192.6148534 6.532500267028809 -2.6213529109954834 -0.691472053527832 0.06144810179924761 0.020634354227191502 0.9958761837783353 0.06347408124236747
1741750193.7170513 5.933499813079834 -2.540663242340088 -0.6804117560386658 0.03257914862089129 0.010751182645949061 0.9904656300072094 0.13342011157889716
1741750194.9698184 5.221805572509766 -2.3106276988983154 -0.7481945753097534 0.04594452994388656 0.015169326718187694 0.9964217674359517 0.06930192633513127
1741750196.1724403 4.460364818572998 -2.1836936473846436 -0.7807585000991821 0.018787449767222932 0.02344364952745195 0.998506182784211 0.04563901740900597
1741750197.2245872 4.001168251037598 -2.13252329826355 -0.737308144569397 0.012265003503323709 0.017731225854087755 0.9959519004798091 0.08726447164400379
1741750198.2933834 3.5721874237060547 -2.04148268699646 -0.7535963654518127 0.05974582413169899 0.04078986203508772 0.9951192764095584 0.06711400312500099
1741750199.5628684 2.883820056915283 -1.8648279905319214 -0.8814884424209595 0.024348244068353994 0.035107669506772056 0.9938526748301117 0.10213477058942176
1741750200.5983593 2.801535129547119 -1.8517318964004517 -0.9303913116455078 -0.004851725812292267 0.0804163825218309 0.9888010052981598 0.12562778652682663
1741750202.5357273 2.4253029823303223 -1.763545274734497 -0.8721215724945068 0.0015017063853552158 0.03204889994149223 0.9978430851598453 0.05726928629945976
1741750203.9888263 1.7213417291641235 -1.7055838108062744 -0.8264485001564026 0.07370879436935752 0.03246110585843601 0.9920248964688744 0.09695342911281578
1741750205.0075734 1.301491379737854 -1.4388964176177979 -0.8577815294265747 0.0559954855088815 0.01834040391537118 0.9927995851305296 0.10429380810819712
1741750206.0764863 0.772790789604187 -1.3729184865951538 -0.8841249942779541 0.06888767513043753 0.026737434499831774 0.9916675662122114 0.10552296563123238
1741750207.0784903 0.33060604333877563 -1.1604641675949097 -0.9058672785758972 0.05567288717540051 0.030148791445545206 0.9960071900100558 0.06293915183751539
1741750208.0973604 -0.2011294960975647 -1.091214656829834 -0.9037935733795166 0.0597730115828977 0.04008997934710188 0.9970594549381863 0.026314167295735002
1741750209.3666782 -0.7510504722595215 -1.0163662433624268 -0.9130568504333496 0.07012346643044134 0.03561726114473803 0.9910450462993108 -0.1079068121206133
1741750210.4190342 -1.1353939771652222 -0.9937038421630859 -0.9244537353515625 0.026023513643012353 0.015468652088988323 0.9947964991041051 -0.09728007095096207
1741750211.7884603 -1.6074367761611938 -1.1325931549072266 -0.9339509010314941 0.08050790349198683 0.027823033634430044 0.9230295564671017 -0.37518114316265255
1741750213.0077913 -1.9296064376831055 -1.4410929679870605 -1.0149480104446411 -0.021251447299299536 -0.07629115754032686 -0.4537766428799706 0.8875893171793567
1741750214.3606594 -2.31898832321167 -1.6491515636444092 -1.0935142040252686 -0.037907348373577655 -0.05574672781844526 -0.2884613500281931 0.9551153819300459
1741750215.6632903 -2.2192070484161377 -1.6499063968658447 -1.083613395690918 -0.04749554398267866 -0.09929715769678837 -0.15984845623237132 0.9809855888466977
1741750216.7990913 -2.26021146774292 -1.8521130084991455 -1.0793918371200562 -0.037043717742265496 -0.08366629281446547 -0.14618106605358835 0.9850171658791957
1741750217.9014292 -2.2975730895996094 -1.8564677238464355 -1.1024730205535889 -0.026344047885048648 -0.085523137335186 -0.1642344288519812 0.9823537237899735
1741750219.0538924 -2.335564374923706 -2.0036709308624268 -1.0869494676589966 0.00632567374492803 -0.07566340925772566 -0.12542268652472396 0.9891937099523855
1741750220.0729973 -2.291405200958252 -1.917576551437378 -1.0972344875335693 0.01139719289983035 -0.03956425214694611 -0.08563569370513557 0.995475420051566
1741750221.3427663 -2.286036968231201 -1.9327772855758667 -1.0988597869873047 0.02872691349476525 0.01027902422421893 -0.09231799466162464 0.9952620156628128
1741750222.3618002 -2.3040060997009277 -2.007418632507324 -1.0726398229599 -0.011954286180409208 -0.06170853547732891 -0.10659284579302468 0.9923140227379468
1741750223.5646033 -2.3201584815979004 -2.1072940826416016 -1.0623457431793213 -0.0031015051012434607 -0.05871360721254178 -0.10228478092100038 0.9930160697268671
1741750224.5837114 -2.3091440200805664 -2.0876834392547607 -1.0440888404846191 0.000561733464890443 -0.06251411015911758 -0.11103378936223739 0.9918483620103135
1741750225.5861053 -2.3119969367980957 -2.1134297847747803 -1.0358381271362305 0.025923008448790894 -0.056847602576455644 -0.09848486563078351 0.993175247714543
1741750226.7220023 -2.291430950164795 -2.078636884689331 -1.0295741558074951 0.016804619067860096 -0.06869364065006266 -0.09470975076102894 0.9929898539655795
1741750227.9581304 -2.317650318145752 -2.153653144836426 -1.0920675992965698 0.025827641839287346 -0.06943378423310849 -0.07830462863631048 0.9941731580645965
1741750228.9938323 -2.328251838684082 -2.078753709793091 -1.0528333187103271 0.014567439023047649 -0.06785503836602039 -0.0893123393377432 0.9935828107269759
1741750230.0628173 -2.340324878692627 -2.128424644470215 -1.0868126153945923 0.019774584852340595 -0.06860209565229454 -0.11686237257180204 0.9905785709174735
1741750231.0986133 -2.346656560897827 -2.1500742435455322 -1.0329512357711792 0.024243745009767365 -0.08219773245196722 -0.13387562525352653 0.9872857232541107
1741750232.2846482 -2.378296375274658 -2.2617478370666504 -1.0824300050735474 0.02222159303986408 -0.08636294692644725 -0.14745049485601452 0.9850411129252539
