1741750676.0222414 -0.00025743618607521057 0.0001302936434512958 -0.0006247516721487045 -0.09908680754913231 -0.05627086541596242 0.00711857676354437 0.993460986857825
1741750677.1071303 0.00082974141696468 0.0012977180304005742 -0.003268272615969181 -0.09912589106364289 -0.05673162669253159 0.0067114780186753875 0.9934337103628311
1741750678.1086574 -0.0007733014645054936 0.001189347356557846 -0.0016499387566000223 -0.09877905371304059 -0.05613369628414047 0.006653539840248612 0.9935026163802039
1741750679.2102463 0.00021456567628774792 0.0006847729673609138 -0.0017012961907312274 -0.09890831413849306 -0.056393557874219055 0.0067836987317860835 0.9934741561045158
1741750680.2952502 -0.0009997317101806402 0.001809791661798954 -0.001458564423955977 -0.09903573557557263 -0.05627592556220572 0.006565258522111355 0.9934695963851004
1741750681.6311462 -0.0017673015827313066 0.0007792091346345842 -0.0017003004904836416 -0.09880927460922606 -0.056443420521268266 0.006621700570288451 0.9934822705534265
1741750682.7989712 -0.0015097107971087098 0.0022576129995286465 0.00027013837825506926 -0.0990793700383619 -0.05637247859119873 0.006457290621831924 0.9934604768834855
1741750684.2845252 -0.001096417661756277 0.00032714748522266746 -0.003561672754585743 -0.09901477867978463 -0.056741888296303986 0.006336164983905519 0.9934466774784471
1741750685.8368962 -0.0006786359590478241 0.0005117832915857434 -0.0023313190322369337 -0.09872586764760691 -0.05642388925474565 0.0066485327239200025 0.9934914948464633
1741750686.9884841 -0.0022773579694330692 0.005479945335537195 -0.003415445564314723 -0.0986118945934286 -0.05683409664022765 0.0059296131810029915 0.9934839879282932
1741750688.0902703 -0.0011536702513694763 0.0010143242543563247 -0.0013820541789755225 -0.09877191915249724 -0.056548278129945666 0.00664531430963938 0.9934798632238343
1741750689.1585023 -0.0015892061637714505 0.000777491251938045 -1.3412720363703556e-05 -0.09865636750671407 -0.056469116634181936 0.006715291701763823 0.9934953795231051
1741750690.2098832 0.0017370320856571198 0.004645096603780985 -0.0018099447479471564 -0.09897303083371169 -0.056360286319806545 0.00626090859580197 0.9934730311756836
1741750691.2281573 -0.0028019556775689125 0.0010955012403428555 -0.002134771319106221 -0.09870329622014602 -0.056754361297637834 0.006170626027646953 0.9934780033514946
1741750692.2797823 -0.0023503112606704235 0.0009320640238001943 -0.00019042838539462537 -0.09880173840835453 -0.05654745838337716 0.00645600896442067 0.9934781908387834
1741750693.8321083 -0.0007653264910914004 0.0009355868096463382 -0.0022738315165042877 -0.09890714082892141 -0.056646447015716445 0.006807638935454878 0.9934597269207459
1741750694.9504652 -0.0028596436604857445 0.001292495639063418 0.000618814374320209 -0.09895741466338899 -0.056400869851475285 0.007238868965655722 0.9934656366117872
1741750696.0353403 -0.005321849603205919 -0.0037017783615738153 -0.0034498663153499365 -0.09838458092024163 -0.057046713623314795 0.007385844568260889 0.9934845728849936
1741750697.1703832 0.0003701435634866357 0.0023227890487760305 -0.0015433630906045437 -0.09919307992878146 -0.056417020614307894 0.006743407659001404 0.9934446975480873
1741750698.3221452 -0.0033767002169042826 -0.0003842117148451507 -0.0014116594102233648 -0.09866687029099126 -0.05697983932033924 0.00695072486511908 0.9934635517247987
1741750699.4071062 -0.003093018662184477 -0.0006038123974576592 -0.0014608715428039432 -0.09903502044751909 -0.056897563762952255 0.007209248180375962 0.9934297879457598
1741750700.5922842 -0.0030153042171150446 -0.003340057097375393 0.0011091803899034858 -0.0987518151672862 -0.05670762458416758 0.007442358631020667 0.9934671290282036
1741750701.9274552 -0.0025950686540454626 0.00043573626317083836 0.00016907275130506605 -0.09894189049230809 -0.05639812577192367 0.00723033479753799 0.9934674065124157
1741750703.1125484 -0.0020973007194697857 0.0020881746895611286 -0.0011021974496543407 -0.09890352291403653 -0.05661843969727552 0.006629438604621231 0.993462884260054
1741750704.1808002 -0.003298675175756216 -0.0013392337132245302 -0.0007954479660838842 -0.0989024281875554 -0.056406338083496585 0.007338233804320946 0.9934700763565506
1741750705.5161912 0.0005992698133923113 -0.001095570158213377 -0.0006051876698620617 -0.09894771248727481 -0.056623756282159335 0.007158091669858466 0.9934545071643955
1741750706.5844092 -0.001416976796463132 0.0022955751046538353 -0.0029533940833061934 -0.0990011830098839 -0.05732808720364113 0.006469453533880315 0.9934135131244021
1741750707.7527823 -0.002755417488515377 0.0023193557281047106 -0.00045843017869628966 -0.09916826557075124 -0.05689069668766819 0.006857123986177192 0.9934193930906233
1741750708.8545814 -0.0008484144927933812 0.005811828188598156 -0.00345204072073102 -0.10534699324897774 -0.05736879028244097 0.0071555801009956085 0.9927535582478412
1741750710.0383532 -0.004589955322444439 0.02328193373978138 0.0663788765668869 -0.13042004631157192 0.002042672239452459 -0.0050819621322863336 0.991443700661718
1741750711.0606823 -0.14874176681041718 -0.18186122179031372 0.5651776790618896 -0.07195060379374531 -0.0078171663672037 -0.05546436389869759 0.9958341746479668
1741750712.2172782 -0.3323977291584015 -0.2611018419265747 0.8207398056983948 -0.03330504491092292 -0.09391774949254462 -0.14042256369960665 0.9850643332888913
1741750713.3451362 -0.37750059366226196 -0.33194372057914734 0.8473736643791199 0.00797330019941117 -0.08947750360622156 -0.20099836710235988 0.9754639206534094
1741750714.6401963 -0.22333183884620667 -0.5604291558265686 0.819612443447113 -0.016182866416429485 -0.06040173906253458 -0.23684818757528364 0.9695322047497077
1741750715.6921482 0.0111658601090312 -0.5254707336425781 0.8967926502227783 -0.0271853772637467 -0.03447080015499469 -0.31161876436028985 0.949192525556335
1741750716.7790751 0.14205297827720642 -0.6795796155929565 0.8731448650360107 -0.060416392220004896 -0.10383195614432812 -0.2239368664226966 0.9671716907546465
1741750717.8515112 0.39902883768081665 -0.7225099802017212 0.972352921962738 0.024822613164105237 -0.07811654886718321 -0.3735682723848659 0.9239742332876636
1741750719.0081003 0.5950770974159241 -0.9802772998809814 0.960513710975647 0.0043675560043045175 -0.09805681173414474 -0.4319505949099014 0.8965402805956304
1741750720.1168823 0.8880730271339417 -1.2638887166976929 0.9208575487136841 -0.027828939832883603 -0.06307023399105634 -0.497225849434944 0.8648781312140692
1741750721.1439543 1.2062972784042358 -1.4952268600463867 0.9125933051109314 -0.02544603984452188 -0.06526935199689528 -0.5306901199606994 0.8446658515061262
1741750722.1553123 1.461605429649353 -1.8848704099655151 0.9610835313796997 -0.04104393603724802 -0.09470861776875972 -0.5181268429118747 0.849052562437846
1741750723.3169293 1.9013400077819824 -2.1451680660247803 1.0222190618515015 -0.05404424657682145 -0.06042980472975535 -0.57991753558368 0.8106312903143266
1741750724.5127714 2.17889142036438 -2.565178871154785 0.9829283952713013 -0.028002812017762668 -0.0648724914919784 -0.5280606280231468 0.8462620005186365
1741750725.8921363 2.533783197402954 -2.7260525226593018 1.0087629556655884 -0.050332097796508206 -0.054802386689770936 -0.5693611621157422 0.8187131822476021
1741750726.9731333 2.5547397136688232 -2.79848051071167 1.005937099456787 -0.0439124645929592 -0.06856962028571799 -0.5409696092277874 0.8370912735940454
1741750728.0046453 2.5251379013061523 -2.848109722137451 0.9777776598930359 -0.03698527581725095 -0.03329324383797155 -0.5442720689401306 0.8374315351286159
1741750729.2362502 2.5332446098327637 -2.9572248458862305 0.96815425157547 -0.010126549848886179 -0.041515495530023025 -0.5573745380951877 0.829160780302716
1741750730.5682292 2.7779715061187744 -3.1587700843811035 1.0136593580245972 -0.0442123159726364 -0.06804323199164267 -0.4425498767605621 0.8930649379344818
1741750731.6342733 2.918980598449707 -3.1780831813812256 1.0368531942367554 -0.0452410419957541 -0.08959765022952848 -0.34746563274089914 0.9323052888368747
1741750732.9337564 2.826892614364624 -3.660998821258545 1.0368127822875977 -0.03178755356384425 -0.11279666932023298 -0.21763678578555473 0.9689688896720171
1741750734.3002162 3.04241943359375 -3.839540719985962 1.025794267654419 -0.05245404019640954 -0.09543142714394078 -0.20264948188803827 0.9731775824661479
1741750735.3168452 2.969993829727173 -4.141143321990967 0.9446038603782654 -0.025641743916592897 -0.10434948215484742 -0.02013184834892765 0.9940062396460019
1741750736.3671083 2.908398151397705 -4.476436614990234 0.951109766960144 -0.01978889042612489 -0.1201206424570746 0.02925483637226392 0.9921308336070809
1741750737.4006572 2.9654457569122314 -4.586304664611816 0.9586608409881592 -0.03860760498719502 -0.13628691053563388 -0.01653374003542867 0.989778741148486
1741750738.6512053 2.9338443279266357 -5.078639984130859 0.9757895469665527 -0.02869816574195596 -0.14413596554263172 0.055482037332085864 0.9875844225227397
1741750739.7683742 3.1011176109313965 -5.296161651611328 0.9597640037536621 -0.05014976291208421 -0.14171385653327642 0.06515221235954827 0.9864873851954661
1741750740.8857002 3.2518138885498047 -5.763670444488525 0.9629810452461243 -0.023150560450218405 -0.1664161235516265 0.18387525690602272 0.9684831574772089
1741750741.9531093 3.3858351707458496 -5.9293012619018555 0.9449209570884705 -0.025597973510621066 -0.18449010491249226 0.20064498789648103 0.961795059820871
1741750743.6802292 3.64095401763916 -6.459564685821533 0.9780698418617249 0.021593805846848793 -0.16942711246523745 0.29019569909040716 0.9416021562664231
1741750744.6811903 3.832064390182495 -6.597604274749756 0.9904360175132751 0.008681485525080915 -0.19273243986580743 0.3020041889992513 0.9335803745221413
1741750745.7641191 4.10504150390625 -6.8466010093688965 0.9235612154006958 0.03581646203709843 -0.17506491309040775 0.39659282078980224 0.900435233510932
1741750746.7744563 4.347514629364014 -7.028417110443115 0.9058963656425476 0.05140086540167958 -0.1853740370917443 0.4115123239859175 0.8908715241542219
1741750748.3264682 4.840944290161133 -7.2667741775512695 0.9416642189025879 0.053109516056211066 -0.16688414005310498 0.4793632239963346 0.8599650784682382
1741750749.3467312 5.133301734924316 -7.327955722808838 0.970095694065094 0.0677835492092113 -0.15214936877430565 0.5620279654871354 0.8101731783239566
1741750750.4660041 5.399471759796143 -7.330959320068359 0.9733654856681824 0.07654841209185427 -0.1551495185101226 0.6215181121855953 0.7640577546266818
1741750751.6508431 5.887597560882568 -7.346454620361328 0.9529075622558594 0.07821383117324666 -0.1520738328421508 0.6878674921153608 0.7054037256362558
1741750752.7152061 6.124698638916016 -7.201699733734131 0.9411643743515015 0.09946028396218728 -0.145627083277644 0.6926402887388096 0.6993925848174266
1741750753.8284793 6.578222751617432 -7.117877960205078 0.9200466871261597 0.10442345247269427 -0.14459853133235331 0.7897273533870498 0.5869564479051919
1741750755.4114873 6.942865371704102 -6.82072114944458 0.8949408531188965 0.11887540727713702 -0.14229383767490972 0.8186168615224653 0.5435878599614763
1741750756.4540753 7.283962249755859 -6.570446014404297 0.931028425693512 0.11206351871675709 -0.10709246883651068 0.8849922462570918 0.43904640673831846
1741750757.6806202 7.294503688812256 -6.2946858406066895 0.9316935539245605 0.10947852635824332 -0.1193669375850903 0.8897445157844854 0.42675602705807836
1741750758.7718682 7.628401279449463 -5.937119483947754 0.8952272534370422 0.12496412599327598 -0.09026041121113063 0.9469256626713887 0.2820794095170781
1741750759.9461043 7.665399074554443 -5.66823148727417 0.9366611242294312 0.12602995270853493 -0.08138935243480419 0.9612149094028924 0.23142620217000934
1741750760.9688892 7.685980796813965 -5.462708950042725 0.9428815245628357 0.12567860120880195 -0.07537127632066616 0.9593002280878722 0.2413859156174856
1741750762.0245173 7.831918239593506 -5.062888145446777 0.960155189037323 0.1287341396400466 -0.04804475759750882 0.9844652467563675 0.10930428072341393
1741750763.1970193 7.76209831237793 -4.873208045959473 0.9523938298225403 0.1574517502447405 -0.050651126206135336 0.9818586323719704 0.09272037980912293
1741750764.3187232 7.781755447387695 -4.46490478515625 0.8855587244033813 0.14897893632383766 -0.002155705924777964 0.9883331239980462 -0.031594804334175344
1741750765.6242752 7.629286766052246 -4.163755416870117 0.8964380621910095 0.16432039082540845 -0.025111079288630163 0.983223559561653 -0.07509751811693346
1741750766.7283072 7.589975833892822 -3.835888147354126 0.8916098475456238 0.15965762657267052 -0.003230738245820266 0.9800503890673018 -0.11832263831155339
1741750767.9829621 7.523008346557617 -3.53369402885437 0.9072288274765015 0.15058333617422132 -0.016701678055948063 0.9755568552503374 -0.15916835636262555
1741750769.3710403 7.304356575012207 -3.150024652481079 0.8625299334526062 0.15504451577403758 0.022273376593032693 0.954562361924084 -0.25352683412952276
1741750770.9426012 7.063717842102051 -2.784137487411499 0.87538081407547 0.1436984434882761 0.021713609677105002 0.9148356436509547 -0.37676922736142615
1741750772.5473402 6.541717529296875 -2.356365442276001 0.929388701915741 0.13559179011597317 0.06325908699575172 0.8559433130273709 -0.4949487516537764
1741750773.6001654 6.265495300292969 -2.2274692058563232 0.9474611282348633 0.15108138313863115 0.04999793564529321 0.8566916534491238 -0.49066691835928333
1741750774.7366114 5.956698417663574 -2.0414910316467285 0.9277822375297546 -0.14526480254166055 -0.07212856947639071 -0.7836472727345267 0.5996605046742726
1741750775.9732683 5.782862663269043 -2.02589750289917 0.9297885298728943 -0.15259318791821466 -0.09446422496688422 -0.7466632369982938 0.6405355693453569
1741750777.1596503 5.586728572845459 -2.039825439453125 0.9692288637161255 -0.13945437653474102 -0.08180948209771033 -0.7350013539258705 0.6585079019509767
1741750778.2455883 5.411839008331299 -2.00032377243042 0.9472126364707947 -0.1294327228992674 -0.09734806125717979 -0.7005104245640875 0.6950220615844205
1741750779.4151843 5.504023551940918 -2.015106678009033 0.908501148223877 -0.11594533524457254 -0.06792032999429508 -0.7215688842436552 0.6791773997572327
1741750780.5010211 5.46082878112793 -1.9936281442642212 0.9073193669319153 -0.12861608150078258 -0.07468542065090732 -0.731678088587174 0.665227205212092
1741750781.6870332 5.3081440925598145 -1.9570510387420654 0.8979135155677795 -0.13097641598838777 -0.08362746625010874 -0.6584283061962538 0.7364264101360384
1741750782.7561653 5.18189001083374 -2.0061142444610596 0.8613173961639404 -0.15743375848621402 -0.09141160572872441 -0.6398666654948763 0.7466117997655926
1741750783.8254232 5.000317573547363 -2.0683693885803223 0.8667042255401611 -0.17655317057350667 -0.08707602229508482 -0.618421955753325 0.7607897252715234
1741750784.8444362 4.629490375518799 -2.1676034927368164 0.8471983075141907 -0.1312539005427036 -0.10627849881170605 -0.5492447136308902 0.8184177132072111
1741750786.2140582 4.429470062255859 -2.202145576477051 0.8234530091285706 -0.14506661030402138 -0.11860535682059946 -0.5498970412640606 0.8139420879732379
1741750787.3165863 4.171968936920166 -2.2903695106506348 0.8300802707672119 -0.15416910075662013 -0.14231097282035524 -0.5253422230636337 0.8246181026775713
1741750788.3187263 3.8999505043029785 -2.2974133491516113 0.8621394038200378 -0.14097544598902137 -0.11363474081704907 -0.478941345833751 0.8589692892057003
1741750789.3543093 3.764153480529785 -2.4901669025421143 0.8714667558670044 -0.17444450727643143 -0.06462225080802783 -0.45985427352510777 0.8682897710596575
1741750790.4066463 3.596674919128418 -2.5996358394622803 0.8649705052375793 -0.1563709009416744 -0.08015071841081133 -0.39587770129949407 0.9013350244406654
1741750791.5758152 3.2837395668029785 -2.798781633377075 0.8435383439064026 -0.15441024298639722 -0.1113818007917819 -0.3523353974864656 0.9163030811848554
1741750792.6615362 3.1130332946777344 -3.0638890266418457 0.8757268190383911 -0.15393554243790109 -0.10167093940487668 -0.3220301107647186 0.9285814373490884
1741750793.6637332 2.8396921157836914 -3.3961904048919678 0.8734594583511353 -0.16752016776334133 -0.1169119539685115 -0.22456305012408848 0.9528063960769729
1741750794.7995002 2.692495107650757 -3.7505340576171875 0.8515241146087646 -0.1592505937708015 -0.11907400540709245 -0.20047138475147858 0.959308010272488
1741750795.9018073 2.4991984367370605 -4.096426010131836 0.8479543328285217 -0.1510512976202771 -0.1255929003987519 -0.15168826248027487 0.9687107908866474
1741750796.9205732 2.4507510662078857 -4.343084335327148 0.8176355361938477 -0.14980650114830735 -0.13272357499321552 -0.11635176123381678 0.972833356857354
1741750798.0231671 2.4725842475891113 -4.456360340118408 0.8308889269828796 -0.09636589420883264 -0.16347314869714183 0.0923294492612738 0.9774791154191425
1741750799.0418332 2.676976442337036 -4.648957252502441 0.8082349300384521 -0.005769055834913315 -0.16186814195554444 0.4380924561646146 0.8842174103182904
1741750800.1273873 2.5529370307922363 -4.3215556144714355 0.8201944828033447 -0.019739536398468472 -0.15596163895358042 0.3784223910468234 0.9121857392652507
1741750801.1797101 2.8474695682525635 -4.229728698730469 0.7935708165168762 0.04006433009255666 -0.15876303297680822 0.5212109049301742 0.837572886725734
1741750802.1818323 2.8735411167144775 -3.9682047367095947 0.7835156917572021 0.015859072694857434 -0.1345417056171622 0.49551913093729055 0.8579672553960023
1741750803.3509443 2.8315141201019287 -3.614257574081421 0.8407918810844421 -0.009069953633352083 -0.14046312215493081 0.436712212894358 0.8885213955083296
1741750804.4032223 3.155029296875 -3.433316707611084 0.866620659828186 0.0010808665998166289 -0.11017924461164226 0.43820788632906943 0.8920948381289364
1741750805.5723283 3.3644649982452393 -3.0407917499542236 0.8681464791297913 -0.01588324760103828 -0.1237869301338697 0.3609512263902291 0.9241962707442847
1741750806.5744593 3.718092679977417 -2.7525558471679688 0.8767914772033691 0.014423541020400417 -0.13265333176573046 0.38226165445006377 0.9143692382245063
1741750807.5754442 3.934443473815918 -2.5746099948883057 0.9199603796005249 -0.00640702029308447 -0.12023107882235258 0.36442719417055064 0.9234155455430643
1741750808.5790493 4.101078033447266 -2.34926438331604 0.921518087387085 -0.031429790780480894 -0.1177544803771784 0.3365951648497675 0.9337289385099122
1741750809.6927152 4.409665107727051 -2.1212916374206543 0.887050449848175 -0.011409179115361033 -0.13329717492432844 0.34398401226367403 0.9293958703412518
1741750810.7099452 4.5353803634643555 -1.7742376327514648 0.8324953317642212 -0.018471550441546532 -0.1359947751568949 0.29902328400250494 0.9443247813184168
1741750811.7603383 4.8496012687683105 -1.5906014442443848 0.9571608304977417 0.015178386405792358 -0.13720254920438316 0.4376597056651517 0.888481329307423
1741750812.7943273 4.945711612701416 -1.2273614406585693 0.9268527626991272 -0.05612099920472259 -0.16134764446866925 0.40731171535906396 0.8971702926936165
1741750813.8452792 5.236662864685059 -1.0283005237579346 0.9283039569854736 -0.031358313458938955 -0.1655002667526297 0.4507691495676315 0.8766033775059557
1741750814.8627512 5.468599319458008 -0.8148258328437805 0.9558490514755249 0.06452977440080375 -0.17122711557350812 0.3825645065248642 0.9056277358498854
1741750816.0303743 5.9666595458984375 -0.6852899789810181 0.9658824801445007 0.02374068833025444 -0.12052373677370416 0.40926713030271206 0.9041077434586451
1741750817.3484142 6.467397212982178 -0.5811994671821594 0.9825605154037476 0.010746499345525327 -0.12864433496051728 0.39174201971219524 0.9109738406462136
1741750818.4495153 6.89719820022583 -0.3762989938259125 0.9638587832450867 -0.004060484128720116 -0.130972140199851 0.2987446133781442 0.945294387896081
1741750819.7677653 7.474514961242676 -0.14715558290481567 1.0302897691726685 -0.016536163198331504 -0.1496817235109033 0.25919813164987726 0.9540116688481536
1741750820.8021753 7.907590389251709 0.11968481540679932 1.1059399843215942 -0.013219355223867715 -0.13363045359738918 0.1660114806343131 0.9769382440592127
1741750822.0536182 8.427216529846191 0.3232794404029846 1.1514928340911865 -0.018524381637938955 -0.1172969295800301 0.17182877861406548 0.9779433291950178
1741750823.2884393 8.945053100585938 0.5331102013587952 1.1225515604019165 0.00914836686084794 -0.1367528784897009 0.13037448011329958 0.9819457491099102
1741750824.4066403 9.48888111114502 0.6975049376487732 1.1250258684158325 -0.015403475095086442 -0.12946051434277422 0.09161166910231686 0.9872233869545085
1741750825.4746974 9.982721328735352 0.838106632232666 1.1445308923721313 -0.00946411949426142 -0.13724403774560226 0.130153794956693 0.9819035082077344
1741750826.5929203 10.425996780395508 1.0275462865829468 1.2435617446899414 -0.036136738088681536 -0.10415887652960469 0.0077979848832935485 0.9938733579137241
1741750827.7946172 10.878080368041992 1.007239580154419 1.2457318305969238 -0.024039284965065976 -0.12296686405411923 0.029036936527345254 0.9916945682268212
1741750828.8628283 11.309344291687012 1.1829131841659546 1.2625871896743774 -0.04439122210873165 -0.12524401075039862 -0.006405070290491974 0.9911116677170656
1741750829.9144351 11.775359153747559 1.1909267902374268 1.2608768939971924 -0.027923712992121954 -0.12010721722825043 -0.047021029766066695 0.9912535183785186
1741750830.9325802 12.136479377746582 1.3418045043945312 1.2584763765335083 -0.053229925280396946 -0.11071683941770598 -0.24658528908258714 0.9613033079116219
1741750832.1011772 12.573087692260742 1.5229401588439941 1.2789011001586914 -0.04380010161880583 -0.11002030137311003 -0.30224930248527043 0.9458448235336202
1741750833.1694694 13.00895881652832 1.7920165061950684 1.319767713546753 -0.05158760680344201 -0.09985451741796636 -0.4155785110494961 0.9025864460536055
1741750834.8220332 13.652009963989258 2.001744508743286 1.2889913320541382 -0.06139793720353142 -0.11269965078659068 -0.48236241441451927 0.8665192237169963
1741750836.0239363 14.109508514404297 2.20469069480896 1.274259090423584 -0.06453664231615831 -0.11491160644677399 -0.5740883931571588 0.8081168735771169
1741750838.7785182 15.168627738952637 2.2875826358795166 1.2754181623458862 -0.1000374968851546 -0.13157723267340155 -0.7022147028108948 0.6925132316571582
1741750839.8636272 15.497818946838379 2.3262860774993896 1.3587199449539185 -0.09478352202973932 -0.10340816706055939 -0.7605818381812474 0.6339071249068431
1741750840.9321213 15.680154800415039 2.3216700553894043 1.3326129913330078 -0.08953775321432066 -0.11058008609202243 -0.7728879625946852 0.6183843958233197
1741750842.0673254 15.948953628540039 2.3226399421691895 1.3805134296417236 -0.10683389455663436 -0.08801040853976633 -0.8474832608714622 0.5124577144297839
1741750843.1525493 16.068769454956055 2.277812957763672 1.364527940750122 -0.12413789692559044 -0.11269487539244721 -0.8446703910903696 0.5083520663697332
1741750844.4381173 16.240100860595703 2.0914649963378906 1.3933271169662476 0.12619745237513694 0.07657335704577482 0.8934624379384593 -0.4241881498480071
1741750845.5400221 16.308229446411133 2.043348550796509 1.3467901945114136 0.12797404014920857 0.09115575149890154 0.9056777709555264 -0.39377800714085237
1741750846.6419122 16.41570281982422 1.8949050903320312 1.3450145721435547 0.12993122454535477 0.05535405808794056 0.9499866926992887 -0.2785303520237486
1741750847.6436982 16.609840393066406 1.7359814643859863 1.384701132774353 0.14229951146533973 0.05187678669011566 0.968305701229776 -0.19860454020318172
1741750848.6622562 16.566261291503906 1.598595142364502 1.3484338521957397 0.14383574706245497 0.09331182638452917 0.9599066376487698 -0.2217734466697862
1741750849.8477993 16.687849044799805 1.4823148250579834 1.3200585842132568 0.15909969967029025 0.07046376194215835 0.9809015542231818 -0.0869157727519178
1741750850.8993893 16.86348533630371 1.2733867168426514 1.3157262802124023 0.1615199810836363 0.042371102066202294 0.9833906792767455 -0.07112504613910381
1741750851.9179413 16.85019874572754 1.0625104904174805 1.3137049674987793 0.15355114513565665 0.06669444621527518 0.9799145960086961 -0.10835727616053561
1741750853.0700672 16.91259765625 0.7454047203063965 1.3161603212356567 0.14729706592833958 0.04320680813562207 0.9877018191134772 0.02969679072051513
1741750854.1220233 16.913776397705078 0.5567703247070312 1.3193421363830566 0.16082004537515915 0.04595362169676201 0.9859131572759164 0.0007032787291253995
1741750855.1405063 16.877593994140625 0.3924534320831299 1.3390848636627197 0.16520555297459733 0.04241884197132598 0.9850275435082214 0.025069671587584146
1741750856.2592173 16.986328125 -0.056088924407958984 1.3537214994430542 0.16823539493746176 0.02731361850488489 0.97314881105147 0.15470038028759941
1741750857.3278513 17.054330825805664 -0.3134329319000244 1.379778265953064 0.1775617395529432 0.032800833728510045 0.9711979194065987 0.15546884890268087
1741750858.3640902 16.938861846923828 -0.609615683555603 1.360597848892212 0.14900798680655397 0.040049205746926206 0.9631258307793146 0.22041168267758257
1741750859.8825252 16.65898895263672 -0.8304171562194824 1.3531408309936523 0.16942311995716153 0.05566192171076528 0.950628818840367 0.2539734462964898
1741750860.9511862 16.539936065673828 -0.9490578174591064 1.3899106979370117 0.153583073717823 0.025094255649783636 0.9501278452429761 0.2702584439897327
1741750862.0030313 16.40436363220215 -1.2364704608917236 1.4787195920944214 0.1493265328927566 0.007935903437909383 0.916730882100459 0.3704635313738296
1741750863.0716522 16.12639617919922 -1.2628601789474487 1.4924066066741943 0.15641637884533446 -1.9737949789396045e-05 0.9167921601715884 0.3674589020816833
1741750864.2570722 15.820884704589844 -1.3087347745895386 1.4885833263397217 0.14335937836633683 0.005424841401451473 0.8954166960875263 0.42148266854577576
1741750865.3259022 15.644645690917969 -1.3941802978515625 1.511274814605713 0.11373368871690971 -0.010922382989245234 0.8665593853828152 0.4858191941932422
1741750866.3778741 15.601499557495117 -1.4465208053588867 1.4460116624832153 0.14644381323007274 -0.020990045921423794 0.8833919159713653 0.4446710642861455
1741750867.4464972 15.288680076599121 -1.452054500579834 1.4561623334884644 0.14055945433641925 -0.03959372194949563 0.8081123326099781 0.5706398429486085
1741750868.4648752 15.07235050201416 -1.424712896347046 1.4590047597885132 0.14086418022930852 -0.03544691325030332 0.7559998774957192 0.6382516067326274
1741750869.5335243 14.990338325500488 -1.3051379919052124 1.4410630464553833 0.18269765129365453 -0.026164528382836352 0.7254225538272646 0.6630981062164383
1741750870.5355592 14.650566101074219 -1.1447386741638184 1.4400943517684937 0.16379680515676373 -0.054153112665186166 0.6562914995696189 0.7345199441922171
1741750871.5874302 14.48842716217041 -1.0963242053985596 1.4660091400146484 0.14429317531819782 -0.06614914123939548 0.6761639761754442 0.7194484965465175
1741750872.6562173 14.240407943725586 -0.9087197780609131 1.4170641899108887 0.16391523693946972 -0.04909341728669312 0.6665716777178806 0.7255369352118036
1741750873.7916431 14.026248931884766 -0.7731951475143433 1.4212318658828735 0.15231324221359277 -0.08659584896873429 0.6581381990225541 0.7322266890799677
1741750874.7935333 13.647993087768555 -0.7458460330963135 1.426182746887207 0.1494738811722563 -0.07878608390511158 0.5762951488633156 0.7995837771702884
1741750875.7952902 13.463594436645508 -0.612255334854126 1.3698761463165283 0.15855155937697463 -0.08935373068493355 0.5176285331893902 0.8360251621379303
1741750876.7971773 13.227058410644531 -0.4830617904663086 1.3890231847763062 0.12592365820789025 -0.10568881345253416 0.46412334278644063 0.8703807598582496
1741750877.8492393 12.916420936584473 -0.31926894187927246 1.4046436548233032 0.1322478221520105 -0.098914593903056 0.38046153591327275 0.909931548053993
1741750878.9011374 12.68405818939209 -0.04762434959411621 1.397841215133667 0.12866959824785607 -0.10923945321285863 0.39038380838083275 0.9050477290739809
1741750879.9698613 12.370196342468262 0.2827329635620117 1.4404957294464111 0.13717908182055355 -0.14545960995768636 0.3439765016493133 0.9174440385814299
1741750881.4558272 12.138223648071289 0.7671725749969482 1.4713366031646729 0.12894789908306672 -0.13548591858307169 0.248606253041369 0.950374104222562
1741750882.5081103 12.0321683883667 1.1370415687561035 1.4902260303497314 0.10031357248965862 -0.14072363267310806 0.17345232320929233 0.9695608990582938
1741750884.0775523 11.898658752441406 1.613222599029541 1.479122519493103 0.09836967195465922 -0.1449220480701096 0.11957822869122657 0.9772522969686117
1741750885.2964902 11.953149795532227 1.8820297718048096 1.4853435754776 0.11967776699649417 -0.12655362977516768 0.12440723851268182 0.976823550618772
1741750886.4653761 11.833486557006836 2.355242967605591 1.467880368232727 0.08975531759910929 -0.15193977588428353 0.03825849214607443 0.9835621868883769
1741750887.5173862 11.885668754577637 2.5887913703918457 1.4217661619186401 0.08682003061534004 -0.16967146372781214 0.09913258951108399 0.9766507147046658
1741750888.5359273 11.899094581604004 2.805535078048706 1.4455112218856812 0.07276677726826199 -0.1563907830610562 0.0005929508962960818 0.9850109407620915
1741750890.8235583 11.674355506896973 3.4864683151245117 1.4871174097061157 0.034018373021168134 -0.15941201613754877 -0.07193698942063811 0.9839998166037598
1741750891.8922212 11.550668716430664 3.9890944957733154 1.5635579824447632 0.016979513333974582 -0.15214031595287272 -0.22413850895963344 0.9624588019359998
1741750892.9275331 11.601506233215332 4.364157199859619 1.589043140411377 0.025091142209045424 -0.11604326705424808 -0.27202620702708213 0.9549377665913508
1741750894.1632502 11.553420066833496 4.885621547698975 1.5759528875350952 5.3419921453695096e-05 -0.16049914194659148 -0.34239762435471016 0.9257450660040457
1741750895.1656423 11.657001495361328 5.262836456298828 1.536521315574646 0.002913475739485468 -0.15020690115639998 -0.3489241189637254 0.9250304642377535
1741750896.3507872 11.661458015441895 5.79899263381958 1.5744690895080566 -0.022028605646874838 -0.1519990079842928 -0.46698661767845134 0.8708240536297238
1741750897.3525093 9.679770469665527 6.8092427253723145 1.3474007844924927 -0.007813238157449973 -0.1827815037475689 -0.33204935763284593 0.9253502578916173
1741750899.3562012 9.70907974243164 7.736658096313477 1.3521251678466797 0.015857286188646243 -0.1750297018550936 -0.2373330498726419 0.9553984356488466
1741750977.9215283 8.919772148132324 5.335265636444092 1.2726961374282837 0.013463677265064799 -0.10309995228851843 0.09560401786174828 0.989974241680222
1741750979.1740003 8.99138069152832 4.96882963180542 1.1854573488235474 0.016009663227278866 -0.11535498073838128 0.19661252870273113 0.973540153417888
1741750980.3762503 8.872135162353516 4.769142150878906 1.1916488409042358 0.022928800397479437 -0.12334506189084571 0.2245225438899218 0.9663590875341117
1741750981.9457972 8.7844820022583 4.8986663818359375 1.2157397270202637 0.010608406536930168 -0.11562457971057652 0.10642979206395771 0.9875176536816989
1741750983.3819382 8.531532287597656 5.128269195556641 1.2360684871673584 -0.025059009098865027 -0.12465268586930789 0.051044895909060806 0.9905696278809706
1741750984.4339023 8.596559524536133 5.337285041809082 1.2330297231674194 -0.004579642659893595 -0.11282032682418276 0.04493229173410536 0.9925883752382936
1741750985.7030392 8.488271713256836 5.413182735443115 1.37763512134552 -0.013490924250585498 -0.10424170338224653 0.04767765327023311 0.9933169161970167
1741750986.7883153 8.611299514770508 5.631714344024658 1.3404502868652344 0.046570389789896895 -0.11141334367711574 0.1306736636674721 0.9840440345114668
1741750987.8737662 8.72651481628418 5.712063789367676 1.3773863315582275 0.045198748253152635 -0.09214916953369537 0.08739875758364514 0.9908718713076001
1741750989.3431993 8.595613479614258 6.16233491897583 1.3573276996612549 0.038082345437843536 -0.12541187451358576 0.18445328459460736 0.9740629174014663
1741750990.6123002 8.664861679077148 6.557890892028809 1.2889349460601807 0.08083687887171961 -0.13570963275835546 0.2681437215850317 0.9503405970565998
1741750991.6307201 8.630252838134766 6.83772087097168 1.2989275455474854 0.05227894083984571 -0.12173119900909403 0.25220417959831115 0.9585621947525373
1741750992.6829271 8.75993537902832 7.113818645477295 1.2920973300933838 0.042709876637101886 -0.12811624796479837 0.2636146890386601 0.9551279409947652
1741750993.7516003 8.954792022705078 7.415516376495361 1.285775065422058 0.03364701707443882 -0.11291003526751255 0.23079170704075028 0.9658438792501844
1741750994.8033812 9.010543823242188 7.747371196746826 1.326481819152832 0.025177507409474647 -0.13070524338716846 0.2545908994697623 0.957844299298825
1741750995.9389732 9.31469440460205 8.005085945129395 1.282686471939087 0.07432434707844814 -0.09772719333952783 0.35884152226409616 0.9252880891454861
1741750996.9742572 9.30636215209961 8.25365161895752 1.3025546073913574 -0.01129866369872821 -0.15480293829204267 0.257467636933946 0.953739382545998
1741750998.2266603 9.520326614379883 8.37356948852539 1.2865608930587769 -0.001961996151374227 -0.09573871452463473 0.22285442233757516 0.9701371797790679
1741750999.2953084 9.739041328430176 8.700813293457031 1.2976622581481934 0.021886460838977106 -0.08193605396330818 0.3460967559313308 0.9343578053171323
1741751000.3639634 9.790173530578613 9.063238143920898 1.3235780000686646 0.0028875807118761737 -0.10867245558865501 0.36014347268695507 0.9265412056391356
1741751001.3658073 10.088397026062012 9.333243370056152 1.3413763046264648 0.03392725887620989 -0.11601856853832411 0.3446670760924758 0.9309098998783875
1741751002.4679863 10.189723014831543 9.784027099609375 1.3904064893722534 0.0024090827909838217 -0.09263151958062683 0.30563178987495654 0.9476300983641524
1741751003.5703363 10.3671293258667 10.201242446899414 1.4197927713394165 -0.00455746830977157 -0.10845139404977246 0.25110183371675504 0.9618551865582571
1741751004.7222352 10.376873970031738 10.749395370483398 1.5083832740783691 -0.005358830450987722 -0.10896187103934275 0.16824429553899028 0.9796899765080692
1741751005.7575653 10.432092666625977 11.280017852783203 1.5288081169128418 -0.010841737240776401 -0.10270474673395079 0.1117778737898657 0.9883521133770012
1741751006.7596312 10.586875915527344 11.691664695739746 1.5745435953140259 0.020312977751034564 -0.09324338283392947 0.09481486081545665 0.9909102862424854
1741751007.7612743 10.610213279724121 12.07468318939209 1.563446283340454 0.003457689895209268 -0.09866059908493398 0.013643026809643763 0.9950216020942005
1741751008.8299081 10.892654418945312 12.337686538696289 1.579430341720581 0.02075993701183301 -0.09030279626226508 0.00039990916812662275 0.9956978852772819
1741751009.9655123 11.029352188110352 12.877514839172363 1.5724942684173584 -0.01987365631957412 -0.07943262034922746 -0.12473479740505489 0.9888057071049077
1741751010.9681673 11.360568046569824 13.297762870788574 1.565843939781189 0.01365861686131463 -0.10069958177901404 -0.12246439236051365 0.9872565630344219
1741751012.2198703 11.62248706817627 13.847179412841797 1.6049184799194336 0.002790096535383746 -0.12533855970034619 -0.19634652409146505 0.9724867646265474
1741751013.3887444 11.968228340148926 14.363044738769531 1.570806860923767 0.003749724843799387 -0.11441072638505065 -0.19352960727885143 0.9743933581616409
1741751014.4072971 12.01052188873291 14.539284706115723 1.5777055025100708 -0.00872587623602195 -0.11183485188514208 -0.3207643415781924 0.9404929942909983
1741751015.4759853 12.049338340759277 14.136202812194824 1.5695339441299438 0.038386747754749886 -0.12416680717361149 -0.11063877014539526 0.9853263980309968
1741751016.4778993 11.897513389587402 13.74854564666748 1.5745359659194946 0.0099625991856628 -0.1042138095835608 0.01118347679000634 0.9944421352187102
1741751017.4964283 12.033086776733398 13.32142448425293 1.578141450881958 0.011131314288833839 -0.09592267795645777 0.07896733610079455 0.9921890393943559
1741751019.1497893 12.184343338012695 12.65589714050293 1.5161302089691162 0.020452783501265892 -0.07699245381819511 0.17387119950718855 0.9815409523591484
1741751020.1682072 12.43729305267334 12.431300163269043 1.4893406629562378 0.028081162309809303 -0.08387731944767428 0.1583559845865605 0.9834121354634993
1741751021.4538102 12.713784217834473 12.246980667114258 1.4718092679977417 -0.03206750854267073 -0.04738426847099483 0.07944988853152561 0.9951955148644512
1741751022.4558682 12.900343894958496 12.071247100830078 1.501673698425293 0.006216583638749619 -0.08082832646241439 0.1763297940774581 0.980987229364236
1741751023.5412853 12.844054222106934 12.070404052734375 1.5054622888565063 -0.019189959906140575 -0.09747747318519681 0.1455494572928001 0.9843501663103039
1741751024.6099641 13.008825302124023 11.706160545349121 1.570669412612915 0.011429473329198124 -0.11198742616952725 0.20973462610745866 0.9712566969430756
1741751025.6117551 13.216327667236328 11.645750045776367 1.6010372638702393 0.003834167551698199 -0.15573641529286453 0.25844949100893205 0.9533809959075029
1741751027.2315922 13.356754302978516 11.204693794250488 1.625247597694397 0.02783327130620579 -0.10628417539738519 0.3581761691074671 0.9271670885863971
1741751028.2501922 13.617112159729004 11.112265586853027 1.6163854598999023 0.01280515946755063 -0.12098931973978619 0.3550629688066882 0.926891522263486
1741751029.3020782 13.869776725769043 10.929327011108398 1.5562975406646729 0.04203936272870947 -0.09287772919497748 0.503783240095369 0.8577930281466731
1741751030.5042531 14.025934219360352 10.953771591186523 1.5326918363571167 0.06389136075897385 -0.1554055950212556 0.5632465255891117 0.8090243367889167
1741751031.5731301 14.359792709350586 10.868927955627441 1.538419485092163 0.08885207038361634 -0.13508158592702174 0.6137527475211038 0.7727651274430528
1741751032.5916662 14.303356170654297 10.734358787536621 1.5171149969100952 0.05389438171349352 -0.08788047031974502 0.5642093855015875 0.8191704202089306
1741751033.5935552 14.647489547729492 10.693025588989258 1.5011398792266846 0.10352488437124244 -0.09409267740611918 0.5764371961793568 0.8050772269446164
1741751034.6122503 14.757180213928223 10.676665306091309 1.5820436477661133 0.06125769289970631 -0.12088306838585058 0.5704665685654497 0.8100634132687966
1741751035.6475663 15.078034400939941 10.710013389587402 1.5531038045883179 0.11244750327879748 -0.10836286928436484 0.7025275159579979 0.6943112783439287
1741751036.8497632 15.018241882324219 10.798409461975098 1.602412462234497 0.09124648055571856 -0.14333494318767484 0.6276205860537722 0.7597510034875246
1741751037.8683033 15.304691314697266 10.78652286529541 1.5723962783813477 0.10321460832196722 -0.15659196348498133 0.7352848305839889 0.6512924677644767
1741751038.9036493 15.444635391235352 10.885973930358887 1.5792157649993896 0.08368482754570318 -0.1402311743525241 0.7218190766235232 0.6725395708425058
1741751039.9388943 15.597824096679688 11.033927917480469 1.5809072256088257 0.059789287688988904 -0.11924097490689982 0.7403495101040266 0.6588546290540518
1741751041.0746462 15.822239875793457 11.128633499145508 1.6269328594207764 0.0834791678408471 -0.09992230276649355 0.8736685602493122 0.46877509722561483
1741751042.0762703 15.904265403747559 11.29086971282959 1.6567953824996948 0.1030169042273664 -0.11673787940291944 0.8739561513222579 0.46039164278646516
1741751043.1115654 16.00902557373047 11.464612007141113 1.6721405982971191 0.09649103850574448 -0.09959822197883081 0.8916753715390296 0.4309115054339068
1741751044.1302722 16.216106414794922 11.707391738891602 1.7050224542617798 0.09746426943832338 -0.08593036134887948 0.9429272911989195 0.30660221641796076
1741751045.3992023 16.216983795166016 12.10745906829834 1.7237643003463745 0.09909370126915383 -0.11234164279914984 0.9173376633057683 0.3688515751874212
1741751046.5514202 16.37384605407715 12.418356895446777 1.6532500982284546 0.1432802455648294 -0.0990990419940658 0.9662622071515373 0.1897040050820527
1741751047.6034572 16.411434173583984 12.809757232666016 1.6232548952102661 0.1440503249276755 -0.03869122590781559 0.9814361571838602 0.12056358412726996
1741751049.2398062 16.376705169677734 13.252249717712402 1.620146632194519 0.16463806693407096 -0.05707808011504239 0.9841364086981698 0.033345877867887834
1741751050.2584922 16.342111587524414 13.510071754455566 1.6027036905288696 0.17901527058593486 -0.0420138439668348 0.9820421823698798 -0.04220857116931552
1741751051.3605552 16.16850471496582 13.721565246582031 1.6591334342956543 0.11681000320046588 -0.047276217007301925 0.9920282911988652 -0.0005245567048835513
1741751052.7298613 16.03478240966797 14.342997550964355 1.6130115985870361 0.16857056349694363 0.009720759880384509 0.9752591323674314 -0.14268541472682167
1741751053.7651052 15.934794425964355 14.479429244995117 1.6454728841781616 0.14000771969055403 0.015560122044341658 0.9817141947442511 -0.12803514296461804
1741751055.0007412 15.687179565429688 14.63418197631836 1.6234756708145142 0.15234078796398806 0.0034365805943039535 0.9774343337322337 -0.14629624988494674
1741751056.1362882 15.468908309936523 15.077035903930664 1.6080732345581055 0.1374353970071461 0.030747821142723782 0.9531522965821826 -0.26770658342440345
1741751057.3717723 15.158832550048828 15.251938819885254 1.5259795188903809 0.08340439433975982 0.027164867027079577 0.9809977939276626 -0.1730582601184039
1741751058.4739852 14.76769733428955 15.297989845275879 1.507240891456604 0.13597278788848985 0.03813454214898133 0.9604516002662351 -0.23997904272959916
1741751059.6763432 14.472752571105957 15.585652351379395 1.4926189184188843 0.13826947372049617 0.06641721782300289 0.9406727350992465 -0.30266345827704877
1741751060.7116313 14.137184143066406 15.870068550109863 1.4944300651550293 0.1235460364010891 0.0953322477860874 0.9143976021148458 -0.3735307696689852
1741751061.7134182 13.768891334533691 16.000167846679688 1.489128828048706 0.1160551764418834 0.0834608819855969 0.919645903836255 -0.36580986524152387
1741751062.7654722 13.388622283935547 16.272085189819336 1.4796243906021118 0.11457761805883716 0.09838317387778542 0.8829165118899771 -0.4445798718485069
1741751063.7673852 13.06044864654541 16.41332244873047 1.5333747863769531 0.11271680361119699 0.07954044756835177 0.8971641805362666 -0.4196006825896786
1741751064.8196242 12.877616882324219 16.46051025390625 1.5201032161712646 0.0826511661447994 0.06301481000796305 0.899152587259513 -0.4251148272769613
1741751065.9712763 12.603496551513672 16.753068923950195 1.555525302886963 -0.0768443926335315 -0.09650774952222767 -0.7809249195792798 0.6123213818964929
1741751067.0236602 12.4443941116333 16.78227424621582 1.5705517530441284 -0.09417757771551763 -0.10840154214690012 -0.7008827147994732 0.6986724914766459
1741751068.0922153 12.29228687286377 16.801607131958008 1.576904535293579 -0.07382712790769584 -0.1054244964272807 -0.6715599681890356 0.7296865732812
1741751069.1108222 12.043209075927734 16.89596176147461 1.5725901126861572 -0.06163236913121011 -0.12530001528036355 -0.6063172044965704 0.7828670741567315
1741751070.2128563 11.918192863464355 16.760595321655273 1.5543715953826904 -0.07748646367567612 -0.1244750586513432 -0.57384468321223 0.8057320121085275
1741751071.2688622 11.612650871276855 16.686887741088867 1.524893879890442 -0.07399408663307241 -0.11932265145342391 -0.482180645890885 0.8647478255475892
1741751072.3670402 11.4440279006958 16.562530517578125 1.5369811058044434 -0.05935111612704641 -0.12946143168119417 -0.506694492329582 0.8502810574528918
1741751073.4189153 11.242781639099121 16.347442626953125 1.5567922592163086 -0.03604763177662386 -0.13065069501874968 -0.5091727878871205 0.8499258920676488
1741751074.5878532 10.857524871826172 16.130817413330078 1.5079634189605713 -0.04583138888674494 -0.12140179692920623 -0.4507072233466414 0.8831897368464516
1741751075.6231914 10.627557754516602 15.788891792297363 1.5695152282714844 -0.05518763926551688 -0.14293186095436053 -0.45799105130946055 0.8756534911999482
1741751076.7919862 10.25601863861084 15.580266952514648 1.5402202606201172 -0.03483004287737485 -0.1271887449858562 -0.37882910237030143 0.9160231567593726
1741751077.9608543 10.131312370300293 15.342495918273926 1.5372352600097656 -0.05004596405331228 -0.1559616352689587 -0.35991240197300567 0.9184957574186736
1741751079.0462773 10.01700496673584 15.158562660217285 1.5467685461044312 -0.03354493883249911 -0.14513894658614404 -0.385524437703588 0.9105934026442493
1741751080.1149473 9.72946548461914 14.913878440856934 1.5303623676300049 -0.04007688761995647 -0.1375759015984415 -0.4012454573969739 0.9046926600386496
1741751081.3339512 9.640188217163086 14.815000534057617 1.527044415473938 -0.036968492340490045 -0.15278962375836475 -0.3982075704945361 0.9037252972024463
1741751082.3524814 9.610669136047363 14.598793983459473 1.541955590248108 -0.04429547680173952 -0.14383308550794877 -0.388700619994693 0.9089894326154973
1741751083.8385582 9.282718658447266 14.325907707214355 1.4894884824752808 -0.014381553655079125 -0.1557712214034028 -0.3103074926147269 0.9376767945482285
1741751084.9908972 9.209086418151855 14.0267915725708 1.5062202215194702 -0.011264258060128655 -0.16561794305899458 -0.27472588957619676 0.9470847438877833
1741751086.1261942 9.016273498535156 13.850041389465332 1.523696780204773 -0.005845030053750512 -0.17138523576111336 -0.2606761325936013 0.9500741597141392
1741751087.1282682 8.85040283203125 13.711836814880371 1.5057766437530518 0.0025232269760501243 -0.17358092872457564 -0.18219123325003506 0.9678169571746484
1741751088.4641342 8.823565483093262 13.357488632202148 1.4836255311965942 0.029700281297393383 -0.1733853642850346 -0.07881644912680788 0.9812458272104164
1741751089.6163392 8.805938720703125 12.973536491394043 1.5072429180145264 0.04103812319588587 -0.1622627436342842 0.07617268899908855 0.9829467978851197
1741751090.7684073 8.877596855163574 12.52856731414795 1.509156584739685 0.02363909394890933 -0.16859406058561877 0.026517534318149072 0.985045204892257
1741751091.8037193 8.775012969970703 12.137978553771973 1.4998234510421753 -0.008661340997674733 -0.18134572145981062 -0.12281013011342684 0.9756825258938143
1741751092.8891382 8.562159538269043 11.700719833374023 1.4880702495574951 -0.048321110041828 -0.1899770642483219 -0.33020536028425784 0.9233299589712293
1741751098.6834652 8.525957107543945 11.74716567993164 1.3855352401733398 -0.03366856225950885 -0.13650488675153272 -0.45874841553931184 0.8773726498471394
1741751099.7187922 8.582552909851074 12.039549827575684 1.3802003860473633 0.00389347864448817 -0.12636083221236913 -0.4158285193025012 0.9006133641848705
1741751100.7206693 8.378904342651367 11.733716011047363 1.3463507890701294 -0.03905486497940988 -0.14753131963522992 -0.5245759206680477 0.8375734916155361
1741751101.7225614 8.05007266998291 11.476902961730957 1.2564514875411987 -0.06538315120392288 -0.13883669806373988 -0.6247684501442311 0.7655807112515354
1741751102.7243443 8.10206413269043 11.196282386779785 1.3016839027404785 -0.09013941895285774 -0.13951093024778893 -0.7278343546615491 0.6653335524238858
1741751103.8265483 7.886318683624268 10.994604110717773 1.3030837774276733 -0.08239914325244312 -0.1264515528828208 -0.7520112870798753 0.6416380362398657
1741751104.8619182 7.736035346984863 10.770007133483887 1.2395941019058228 -0.09291246398722003 -0.09321707863578087 -0.7843497578794213 0.606195800855781
1741751106.2310023 7.555171966552734 10.433362007141113 1.280638337135315 -0.036034912120691744 -0.06192093748415124 -0.8435060174704325 0.5323201088544607
1741751107.3331683 7.403680801391602 10.223876953125 1.306666612625122 -0.04269412504077675 -0.08546189915512603 -0.8484013526644143 0.5206620236635268
1741751108.7189941 7.08244514465332 9.89148235321045 1.3561302423477173 0.052786684300054273 0.09012814732634696 0.8620203830434384 -0.4959953587810843
1741751109.8211453 6.795048236846924 9.581498146057129 1.3582420349121094 -0.05509694234302533 -0.10735865053221466 -0.8433262486348695 0.5236788520649823
1741751110.8398342 6.459971904754639 9.330665588378906 1.3394439220428467 -0.05279591653411843 -0.10301051649578813 -0.8336723840784457 0.539992428744185
1741751111.8917553 6.183788299560547 9.02735710144043 1.3277416229248047 -0.06422037794792493 -0.12104720360801584 -0.8374348521946676 0.5290806318038767
1741751113.0439804 5.811851501464844 8.66662883758545 1.310132622718811 -0.029693889825928684 -0.11407156675348266 -0.7933012005004931 0.5973097476167362
1741751114.2963202 5.504970073699951 8.334773063659668 1.2895574569702148 -0.05861301799307066 -0.1142031896053577 -0.7962392548584171 0.5912066875061782
1741751116.2166483 4.930147647857666 7.847999572753906 1.3364474773406982 -0.022950988976365227 -0.1301480398967504 -0.7560942165817771 0.6409807264276561
1741751117.2685342 4.534109592437744 7.572966575622559 1.310561180114746 -0.0034762368588639385 -0.12253524274700184 -0.70761339213476 0.6958852509205584
1741751118.3373773 4.4260640144348145 7.193981170654297 1.3438527584075928 0.008656866301464781 -0.12279040582309826 -0.6965492985744667 0.7068710883392385
1741751119.3424463 4.277359962463379 6.803627967834473 1.3293590545654297 0.029826479259751 -0.13820053304031768 -0.6287049522862077 0.7646836702650766
1741751120.3866942 4.268416404724121 6.370758056640625 1.3055307865142822 -0.027115215213890917 -0.1547718368302419 -0.643762300111322 0.7489196028972502
1741751121.4466672 3.9974186420440674 5.97116756439209 1.2736178636550903 0.005993807368950866 -0.13547899432367844 -0.5503793093765998 0.8238277502226395
1741751122.7576392 3.9374265670776367 5.474062919616699 1.2672505378723145 -0.029167810037510646 -0.15553664527642055 -0.5597165558307472 0.8134340822409639
1741751124.0169702 3.7285900115966797 4.940338134765625 1.2359646558761597 -0.014527362584766477 -0.1570422545699823 -0.5333825876239906 0.8310413381936576
1741751125.1075153 3.710658311843872 4.39117431640625 1.2436285018920898 -0.02144679375301405 -0.16158583412548347 -0.5630738694861684 0.8101714954026976
1741751126.2642303 3.5879335403442383 3.961141586303711 1.3006900548934937 -0.02059894105599291 -0.15501931325742907 -0.5355590187593361 0.8298923060053051
1741751127.3366213 3.5148699283599854 3.5391159057617188 1.2671217918395996 -0.03982354949317708 -0.18567556221834675 -0.5251499308589741 0.8295518530756829
1741751128.3584762 3.2719714641571045 2.9783639907836914 1.2047361135482788 -0.00701635829660977 -0.14862550493432264 -0.467540988314404 0.8713590961931741
1741751130.0829933 3.460925817489624 2.1646318435668945 1.1800259351730347 -0.016171511085244016 -0.14220922370821923 -0.42341902660335295 0.8945565032726006
1741751131.1038094 3.6884965896606445 1.7490215301513672 1.1973336935043335 -0.03438114155184394 -0.13460599024083855 -0.5134814293902824 0.8467797788880399
1741751132.1411252 3.772524833679199 1.306985855102539 1.3373488187789917 -0.05200779132422884 -0.13226435279903434 -0.527845302638529 0.8373653392567595
1741751133.3621972 3.978001594543457 0.7973241806030273 1.3440213203430176 -0.032502900058659016 -0.12423527696886874 -0.6072477776894932 0.7840658748975228
1741751134.4158652 4.012030601501465 0.3847055435180664 1.3939343690872192 -0.030214581530682065 -0.12047693232218959 -0.5553153716528165 0.8223121068144169
1741751135.4357693 4.034174919128418 -0.06554889678955078 1.3742097616195679 -0.02537068012394704 -0.11645517445643658 -0.577310289887528 0.8077792797230617
1741751136.4556851 4.101857662200928 -0.5530486106872559 1.4328099489212036 -0.03773220586751023 -0.12390308319457516 -0.5611228818067011 0.817536224589238
1741751137.7093203 4.155025959014893 -1.118812084197998 1.3605276346206665 -0.03022917556922125 -0.1406128683302641 -0.5262487824616839 0.8380790356343186
1741751138.7622652 4.288552761077881 -1.6048541069030762 1.4023807048797607 -0.02519513027618147 -0.14475108102754894 -0.5646214374506074 0.8121668242537812
1741751139.8986514 4.285170078277588 -2.163386344909668 1.3669626712799072 -0.0015454209567835912 -0.14188362482191186 -0.5040147910514737 0.8519599756860051
1741751141.3023453 4.637942314147949 -2.6531243324279785 1.4860684871673584 -0.00013103807972627445 -0.13400131441407542 -0.49222320635098143 0.8600929815599876
1741751142.4386501 4.619044303894043 -3.125870704650879 1.442685842514038 0.01915783717732052 -0.12646730448411894 -0.48085545580205263 0.86741977021083
1741751143.4577312 4.723147869110107 -3.507917881011963 1.4719936847686768 -0.000302993349632793 -0.15875984568109439 -0.5081532140092399 0.8465078106827968
1741751144.4769204 4.727413177490234 -3.9917640686035156 1.4777826070785522 -0.002079379271314359 -0.16450927699755644 -0.47545225369331257 0.8642207854361972
1741751145.9972422 4.910974025726318 -4.607183456420898 1.5176688432693481 -0.02462588750379 -0.15780124785464664 -0.5526133965790411 0.8179919253238737
1741751147.0163703 4.917333602905273 -5.072295188903809 1.4333605766296387 -0.03265207910731889 -0.16795272974686598 -0.49580721330101374 0.8514111410593115
1741751148.0521173 5.216851711273193 -5.522235870361328 1.5795049667358398 -0.042354628964729885 -0.16754733743365527 -0.604645971290911 0.7775199728727842
1741751149.2214003 5.052501201629639 -6.11149263381958 1.5665103197097778 -0.020623156464052182 -0.1665416012388526 -0.5597411046575435 0.8114976568981479
1741751150.2237103 5.216994285583496 -6.5488433837890625 1.5305774211883545 -0.06720275970288718 -0.16680329256958273 -0.5892474881652772 0.7876851363769751
1741751151.2593462 5.160042762756348 -7.000825881958008 1.5555899143218994 -0.04729377145127479 -0.16970453517184708 -0.5432313133411147 0.8208918569166278
1741751152.2782202 5.322725296020508 -7.397265911102295 1.5022485256195068 -0.05470215315690741 -0.17017022395305603 -0.5330328485518329 0.8269980337772267
1741751153.4140122 5.312769412994385 -7.900941848754883 1.495540738105774 -0.05501591610935654 -0.15481414584243733 -0.5584784286686205 0.8130852902016044
1741751154.4496403 5.329751968383789 -8.299016952514648 1.457176685333252 -0.052463630561454075 -0.16274362610500845 -0.6083679702989674 0.7750164445547538
1741751155.5687952 5.064420223236084 -8.729913711547852 1.4218904972076416 -0.05488612603931107 -0.15202151080061624 -0.5513231746084628 0.818486297160652
1741751156.6211731 5.2828369140625 -9.186257362365723 1.4866364002227783 -0.05606189507199273 -0.12951060111111445 -0.5359939149183323 0.8323428595788603
1741751157.7568932 5.680328369140625 -9.373787879943848 1.5372364521026611 -0.03575669830473519 -0.12707030853923537 -0.23897856915258903 0.9620103042401618
1741751158.9260392 6.497927665710449 -8.909882545471191 1.4940907955169678 0.06355477806668813 -0.16434535146408996 0.24262104859225356 0.9539844983848771
1741751160.0117583 6.992072105407715 -8.642849922180176 1.5355548858642578 0.11129989260713506 -0.1469591679001833 0.6101251190276227 0.7705600271192258
1741751161.6318612 7.817582130432129 -8.471299171447754 1.511177897453308 0.17156240671381218 -0.11442577991091148 0.7703564707374354 0.6033440997373188
1741751162.8010042 8.696619987487793 -8.199305534362793 1.4590190649032593 0.16071138938363463 -0.07527225597078246 0.7717934704314316 0.610607063221336
1741751164.0370152 8.884973526000977 -8.092116355895996 1.4684579372406006 0.15224685438816218 -0.06318365099490075 0.7901953636403592 0.5902711570281179
1741751165.1559722 9.155295372009277 -7.959955215454102 1.5354872941970825 0.15409726581589447 -0.05685231879668921 0.8248889548065457 0.5409069296376214
1741751166.2917972 9.042997360229492 -7.969666957855225 1.5265016555786133 0.1543476107656148 -0.06452348687873916 0.8247939844816747 0.5401189651840729
1741751167.4275932 9.291984558105469 -7.874338626861572 1.52005934715271 0.15191872166534104 -0.05283030274872157 0.8190823250461828 0.550666675419361
1741751168.4964643 9.362824440002441 -7.84849214553833 1.484450340270996 0.1548003206258131 -0.05644275406777776 0.811533455954309 0.560592928599534
1741751169.6322184 9.326013565063477 -7.855064392089844 1.5350167751312256 0.14193656905111365 -0.06424680424518046 0.8626431311832983 0.48122056494391424
1741751170.7010841 9.362656593322754 -7.8485798835754395 1.5324687957763672 0.12888122027635807 -0.06845745894094618 0.8562452719898976 0.49552717742268004
1741751171.8534012 9.387358665466309 -7.840267181396484 1.5347479581832886 0.1457163705604441 -0.05817797511673586 0.8628756489453562 0.4804454035023576
1741751172.8723001 9.51584243774414 -7.793944835662842 1.5180494785308838 0.1459795668618676 -0.05246922792643775 0.840098153360828 0.5197810669495418
1741751174.0247602 9.594439506530762 -7.705741882324219 1.5071532726287842 0.13405017715488066 0.019651343241342156 0.8598115939061856 0.4923093738484495
1741751175.0269153 9.822850227355957 -7.62862491607666 1.5000125169754028 0.13655487011754325 0.042489915337654095 0.8951175217749587 0.4222701158599481
1741751176.2127252 9.953134536743164 -7.577134132385254 1.5130043029785156 0.1693782799166716 0.0038402381418010828 0.9047722771804128 0.39074714809122263
1741751177.7660072 9.886651039123535 -7.598341941833496 1.5261319875717163 0.14403751883286242 -0.05353306673751343 0.8757159250416188 0.45772157065308355
1741751179.0186481 10.582623481750488 -7.262970447540283 1.5013291835784912 0.1470083879300822 -0.08074664271361817 0.880355047755704 0.443670487694309
1741751180.1711352 10.960593223571777 -7.0333967208862305 1.4868744611740112 0.15121096837805936 -0.051372129660089735 0.8798926095702881 0.4475322856472559
1741751181.3735633 11.111246109008789 -6.911866664886475 1.485610842704773 0.14432126279661173 -0.03081606789115093 0.8965992157958195 0.41753041987202866
1741751182.5094962 10.903923034667969 -7.016296863555908 1.492842435836792 0.12771443530341742 -0.058366562311464844 0.8781539070557244 0.4573052271336273
1741751183.8454492 11.004115104675293 -6.9244160652160645 1.4635823965072632 0.12063104493762425 -0.01710617897470245 0.8782393235150278 0.46244049582121804
1741751184.8810294 11.04642391204834 -6.919005393981934 1.4565972089767456 0.12325308437243629 -0.013977816874458386 0.8768305703488021 0.4645228986195226
1741751186.1840653 11.09083366394043 -6.882126331329346 1.4627186059951782 0.12014169004519504 0.007059062728740849 0.8837516987526631 0.45221577686814596
1741751187.3862283 11.154902458190918 -6.821393966674805 1.441307783126831 0.11546809714429986 0.014150875233071122 0.8871913272389479 0.4464957582449089
1741751188.4551363 11.151883125305176 -6.816441535949707 1.4639941453933716 0.12371503354351081 0.01942852454991765 0.8858650904537607 0.4467217003817475
1741751189.6577153 11.12430191040039 -6.819121360778809 1.4447858333587646 0.10536891411186561 0.01641582373269966 0.8923001179876424 0.4386666143351743
1741751190.6764762 11.089361190795898 -6.832826614379883 1.4553471803665161 0.09536262786728206 0.03337261807923157 0.8904957928544762 0.44363213772955423
1741751191.6786523 11.103913307189941 -6.83685302734375 1.4590321779251099 0.09942037301251822 0.03172657888876682 0.8907352262182356 0.44237982845757945
1741751192.6974943 11.12330436706543 -6.803157806396484 1.4477472305297852 0.09764416620346528 0.04593165961959686 0.8953458500188053 0.43210160954824756
1741751194.0001562 11.118867874145508 -6.816071510314941 1.4460890293121338 0.08117221755742904 0.04265572422751835 0.8944206335980338 0.4377252401119515
1741751195.4030933 11.14558219909668 -6.832598686218262 1.4462311267852783 0.07747561857825651 0.036970202839148744 0.8941051351120961 0.4395529650295245
1741751196.4052143 11.10102653503418 -6.859083652496338 1.4656306505203247 0.07963560111854841 0.029409955281002903 0.8916225451771613 0.4447499092351785
1741751197.5075562 11.128572463989258 -6.8243560791015625 1.4595293998718262 0.07831631659788348 0.034271325715830595 0.8962883745408218 0.43515418130633815
1741751198.6098683 11.12907600402832 -6.8445916175842285 1.4666906595230103 0.08977538990190581 0.010685736833921152 0.8948001790483703 0.4372172178615596
1741751199.6620831 11.134513854980469 -6.84910249710083 1.4518637657165527 0.08643178530811339 0.019164922470056384 0.8927567968860234 0.44175516790652475
1741751200.8145823 11.155614852905273 -6.827153205871582 1.4566832780838013 0.10802289691523018 0.01275078309348802 0.8962294937192663 0.43004799108493935
1741751201.8500822 11.139034271240234 -6.824671745300293 1.4681910276412964 0.10286382067282127 0.017196555330803297 0.8915049823374652 0.44084269881905064
1741751203.0024142 11.143698692321777 -6.817769527435303 1.4670606851577759 0.0971263461897883 0.038038244054057306 0.8916116820447381 0.4406225159482889
1741751204.2049823 11.153560638427734 -6.824026107788086 1.4643446207046509 0.10551151593880219 0.017363536902785286 0.897145337223887 0.42859784182224125
1741751205.6581223 11.125426292419434 -6.848846435546875 1.4626538753509521 0.09139701366419793 0.0012966446582255884 0.8919530637349641 0.44279194271616457
1741751206.6601193 11.130352973937988 -6.833587169647217 1.4573124647140503 0.07218188410663925 0.019828779638380065 0.8896450792201083 0.45047552355946563
1741751207.6789863 11.10399055480957 -6.837596893310547 1.4710636138916016 0.07602461504317014 0.02234321633348272 0.8858474029665939 0.4571603195219214
1741751208.8650281 11.122767448425293 -6.815627574920654 1.4679592847824097 0.07379592403005067 0.0342082513314571 0.8789783702506563 0.46987324789538665
1741751209.8834662 11.201993942260742 -6.776847839355469 1.4380638599395752 0.07573249808669412 0.04003272414887255 0.8672879392864674 0.4903811833002098
1741751210.9023602 11.201955795288086 -6.801144599914551 1.4043298959732056 0.061317292594464765 0.02204268630446872 0.8615085884528573 0.503544463167118
1741751212.0047781 11.205240249633789 -6.698207855224609 1.1333341598510742 0.07867585634954774 -0.029699207114021006 0.885413288596198 0.4571339208641255
1741751213.8753393 11.090536117553711 -6.686933994293213 0.4404255151748657 0.11316674714890172 -0.04476324770697007 0.8997041066854153 0.4191922467178461
1741751214.9274962 10.962299346923828 -6.750406265258789 0.3867166042327881 0.05237816112396637 -0.08963202112495659 0.9051940208257603 0.4121240978591932
1741751216.7145102 10.821952819824219 -6.846429824829102 0.36239707469940186 0.019600456647426854 -0.1059996379093788 0.9042797045797487 0.4131079196979311
1741751217.7835484 10.825026512145996 -6.8517632484436035 0.36350011825561523 0.020352543405856974 -0.10417192372067513 0.9045455047043002 0.4129545363790977
1741751218.7856562 10.818285942077637 -6.857172966003418 0.36305415630340576 0.02051389135410741 -0.10394345438189784 0.9042880014598004 0.41356771443184015
1741751219.8879802 10.833758354187012 -6.851870059967041 0.3674013614654541 0.019201983183948924 -0.10326711673244769 0.9048113749658423 0.4126543094467275
1741751221.2409053 10.824541091918945 -6.853261470794678 0.36504971981048584 0.019893571026113506 -0.10356209999968315 0.90442163912629 0.41340145631889125
1741751222.2598982 10.815589904785156 -6.859210014343262 0.3651677370071411 0.01980385481560624 -0.10372944291276784 0.9042752800952133 0.4136837246920885
1741751223.2783883 10.81450080871582 -6.859433174133301 0.3633096218109131 0.020287577933974767 -0.10335060453490685 0.9043175631107269 0.4136627014204346
1741751224.3807163 10.8151216506958 -6.8604631423950195 0.3637666702270508 0.020146357926043797 -0.10290747552008289 0.9041913673364054 0.4140558217589054
1741751225.6834912 10.798121452331543 -6.864709854125977 0.35950160026550293 0.020659319148643187 -0.10336848046643798 0.9039246882847081 0.4144977367134925
1741751226.6856263 10.806926727294922 -6.865889072418213 0.36349260807037354 0.020218177731896565 -0.10298917108987456 0.9040781172594498 0.4142791362364514
