#timestamp x y z qx qy qz qw
1742015887.261796 -0.000573 0.000894 -0.002929 0.105672 0.177992 -0.707187 0.676047
1742015889.388942 -0.111838 0.071670 0.000108 0.093909 0.142728 -0.809692 0.561435
1742015890.485381 -0.102274 0.384538 0.002466 -0.118849 -0.127539 0.904843 -0.388418
1742015891.514643 -0.093300 0.458508 -0.009337 -0.146199 -0.082102 0.960586 -0.221719
1742015892.581198 0.188695 0.797218 -0.045586 -0.183759 -0.091056 0.971931 -0.115293
1742015893.682006 0.427148 0.856777 -0.052111 -0.205092 -0.032957 0.977970 0.020629
1742015894.683407 0.613684 1.082613 -0.044267 -0.190000 -0.049242 0.980137 0.028396
1742015895.684442 0.545179 1.248100 -0.058815 -0.199998 -0.038919 0.973253 0.106131
1742015896.684840 0.378099 1.458064 -0.067453 -0.191316 -0.013549 0.976852 0.094730
1742015897.719341 0.286962 1.870382 -0.140326 -0.144454 -0.049422 0.987241 0.045232
1742015898.719783 0.151526 2.162249 -0.176463 -0.142692 -0.048759 0.986320 -0.066587
1742015899.720219 -0.174384 2.312685 -0.210027 -0.113046 -0.069129 0.986939 -0.091610
1742015900.720680 -0.554137 2.389301 -0.217981 -0.093905 -0.072740 0.979166 -0.164695
1742015901.754577 -1.102902 2.302757 -0.242290 -0.097042 -0.070526 0.975534 -0.184235
1742015902.755325 -1.923868 2.165816 -0.208584 -0.068037 -0.049022 0.958808 -0.271395
1742015903.791346 -2.729630 1.803533 -0.216673 -0.063666 -0.088141 0.925960 -0.361629
1742015904.791672 -3.451638 1.161081 -0.275471 -0.112108 -0.085069 0.912197 -0.384827
1742015905.791773 -4.175380 0.525753 -0.220446 -0.151731 -0.091025 0.912752 -0.368206
1742015906.825245 -5.135687 -0.038093 -0.184489 -0.108491 -0.101172 0.934420 -0.323811
1742015907.825410 -6.059830 -0.546086 -0.077196 -0.116160 -0.086593 0.945374 -0.292021
1742015908.825536 -6.966775 -0.990327 0.023633 -0.123308 -0.098084 0.961419 -0.225498
1742015909.859471 -7.835289 -1.419917 0.218683 -0.129417 -0.057991 0.977768 -0.154463
1742015910.861748 -8.733480 -1.612319 0.302901 -0.104552 -0.098975 0.973080 -0.179966
1742015911.894985 -9.661010 -1.719722 0.373178 -0.109351 -0.114166 0.968175 -0.194027
1742015913.028179 -10.639501 -1.861746 0.454825 -0.142674 -0.126539 0.954195 -0.230531
1742015914.094731 -11.549035 -2.078760 0.529960 -0.134655 -0.096598 0.966034 -0.198279
1742015915.161289 -12.363808 -2.284185 0.704691 -0.130345 -0.079391 0.969049 -0.194040
1742015916.194522 -13.084722 -2.461259 0.885474 -0.097315 -0.104218 0.972632 -0.183451
1742015917.227793 -13.981913 -2.546090 0.918217 -0.117501 -0.089809 0.983214 -0.106853
1742015918.294407 -14.678301 -2.655962 1.192997 -0.139481 -0.094722 0.977657 -0.125537
1742015919.295232 -15.429922 -2.778162 1.357651 -0.069918 -0.122427 0.969924 -0.198419
1742015920.362686 -16.379045 -3.057489 1.453235 -0.020320 -0.091537 0.961564 -0.258075
1742015921.396239 -16.991728 -3.214315 1.811917 -0.089219 -0.073792 0.958320 -0.261184
1742015922.396404 -17.923355 -3.628110 2.153768 0.041624 -0.057474 0.962907 -0.260336
1742015923.463274 -18.656382 -4.118722 2.495782 0.080704 -0.056304 0.950967 -0.293220
1742015924.496787 -19.284939 -4.505882 2.713100 0.105302 -0.028792 0.937922 -0.329219
1742015925.497043 -19.953144 -4.976618 2.869467 0.098556 -0.044841 0.950078 -0.292623
1742015926.498492 -20.478840 -5.341491 3.205417 0.054691 -0.075140 0.961453 -0.258787
1742015927.499226 -21.032032 -5.576403 3.406668 0.051999 -0.060170 0.962919 -0.257803
1742015928.532991 -21.664125 -5.891422 3.740171 0.022117 -0.070954 0.965607 -0.249157
1742015929.533425 -22.307976 -6.079322 3.980825 0.053410 -0.058955 0.964113 -0.253295
1742015930.600564 -22.949541 -6.348193 4.361691 0.042648 -0.052497 0.974324 -0.214752
1742015931.600966 -23.405952 -6.471316 4.484373 0.054745 -0.027839 0.965721 -0.252212
1742015932.601369 -23.827896 -6.682311 4.844895 0.042555 -0.053242 0.971233 -0.228170
1742015933.604101 -24.293087 -6.799860 4.967446 0.012116 -0.050697 0.966148 -0.252668
1742015934.637890 -24.870932 -7.058995 5.310376 0.006611 -0.050039 0.968200 -0.245033
1742015935.638084 -25.328434 -7.199937 5.635133 0.023669 -0.039053 0.961206 -0.272025
1742015936.671553 -25.858065 -7.515150 5.806098 0.011756 -0.063835 0.962973 -0.261668
1742015937.705120 -26.461044 -7.784209 5.946943 -0.021689 -0.079636 0.960431 -0.266008
1742015938.738679 -27.182137 -8.143798 6.277710 -0.003927 -0.071114 0.964684 -0.253597
1742015939.772175 -27.841753 -8.350983 6.644937 0.058001 -0.049147 0.961824 -0.262898
1742015940.805677 -28.347172 -8.590942 6.864305 0.032721 -0.061935 0.948592 -0.308652
1742015941.805899 -28.716503 -8.672812 6.953599 0.060515 -0.054287 0.942838 -0.323184
1742015942.806117 -29.203959 -8.983393 7.048572 0.004788 -0.067671 0.948208 -0.310320
1742015943.839645 -29.738974 -9.189123 7.195345 0.035052 -0.084707 0.965867 -0.242276
1742015944.839823 -30.216669 -9.420641 7.447160 -0.004386 -0.058095 0.952347 -0.299400
1742015945.873392 -30.877171 -9.697659 7.634490 0.027862 -0.071718 0.958822 -0.273387
1742015946.940241 -31.638699 -10.010653 7.889597 0.021016 -0.092378 0.970136 -0.223295
1742015947.973773 -32.156693 -10.286689 8.104327 -0.016461 -0.067698 0.956018 -0.284912
1742015949.007741 -33.095768 -10.489105 8.203729 -0.011302 -0.066216 0.976630 -0.204159
1742015950.042474 -33.910492 -10.704182 8.520051 -0.010566 -0.041164 0.959230 -0.279413
1742015951.076250 -34.656357 -10.878611 8.653496 -0.014405 -0.085880 0.962055 -0.258589
1742015952.109993 -35.334072 -11.153527 8.832563 -0.018777 -0.077762 0.931664 -0.354404
1742015953.110398 -36.058853 -11.400174 8.991748 -0.003820 -0.066428 0.895323 -0.440420
1742015954.110826 -36.769611 -11.876548 9.094522 -0.014686 0.058640 -0.857284 0.511283
1742015955.177952 -37.399479 -12.529119 9.230535 0.006831 0.093849 -0.851539 0.515778
1742015956.211708 -38.024094 -13.158497 9.348211 0.006158 0.066627 -0.836948 0.543176
1742015957.245468 -38.554790 -13.882251 9.455730 0.003978 0.073474 -0.844682 0.530187
1742015958.245904 -39.077099 -14.685190 9.533153 -0.024417 0.092604 -0.858943 0.503036
1742015959.246343 -39.639065 -15.475053 9.695777 0.079442 -0.072172 0.897917 -0.426879
1742015960.280125 -40.324100 -16.035259 9.815251 0.084293 -0.060743 0.934017 -0.341785
1742015961.313925 -41.077465 -16.544071 9.869777 0.093366 -0.062901 0.949876 -0.291653
1742015962.347717 -41.716869 -17.052071 9.933038 0.026955 -0.067943 0.942688 -0.325572
1742015963.348170 -42.573399 -17.500246 10.136178 0.070862 -0.036781 0.955537 -0.283856
1742015964.381979 -43.583916 -17.793470 10.316033 0.056048 -0.040193 0.991514 -0.110196
1742015965.415778 -44.394863 -17.968281 10.571906 0.049912 -0.032550 0.994606 -0.084901
1742015966.482935 -45.430225 -18.175873 10.986670 0.088098 -0.056150 0.988090 -0.112983
1742015967.484417 -46.254261 -18.295139 11.179455 0.076219 -0.062910 0.985550 -0.137565
1742015968.520489 -47.042965 -18.582005 11.372563 0.077832 -0.053999 0.974112 -0.205263
1742015969.521176 -47.880627 -18.927830 11.619697 0.082401 -0.025345 0.962002 -0.259076
1742015970.521207 -48.634609 -19.164768 11.848176 0.101373 -0.056104 0.952048 -0.283161
1742015971.521248 -49.355637 -19.567739 12.022152 0.069967 -0.029500 0.932125 -0.354086
1742015972.554606 -49.795170 -19.621571 12.068666 0.008808 -0.078459 0.952436 -0.294335
1742015973.554643 -50.221615 -19.740673 12.206271 0.017107 -0.079642 0.941608 -0.326710
1742015974.588016 -50.537643 -19.970392 12.566357 -0.003103 -0.066089 0.960337 -0.270880
1742015975.588084 -51.106861 -20.024000 12.505509 0.025117 -0.072501 0.917119 -0.391160
1742015976.588156 -51.998161 -20.143072 12.328139 -0.029137 -0.096892 0.937517 -0.332905
1742015977.621519 -53.004440 -20.463314 12.037266 -0.038992 -0.104929 0.944053 -0.310215
1742015978.654886 -53.960743 -20.879751 11.929804 0.042076 -0.096844 0.885583 -0.452320
1742015979.654941 -54.710690 -21.502644 11.987546 -0.006617 0.075688 -0.847715 0.524983
1742015980.688307 -55.241276 -22.252943 11.907856 0.043089 0.111746 -0.824600 0.552893
1742015981.688318 -55.844654 -22.994072 11.951806 -0.036586 -0.123618 0.870473 -0.475034
1742015982.688335 -56.538074 -23.693016 11.979956 -0.004950 -0.084980 0.893616 -0.440687
1742015983.722551 -57.232998 -24.372702 11.975771 -0.033429 -0.099124 0.900167 -0.422795
1742015984.724340 -57.988049 -25.059589 11.959669 -0.037320 -0.094304 0.907613 -0.407374
1742015985.724771 -58.685463 -25.781527 11.985689 -0.045197 -0.103873 0.892046 -0.437517
1742015986.758570 -59.389271 -26.599882 11.975772 0.004664 0.138052 -0.846386 0.514345
1742015987.759037 -60.066608 -27.454487 11.980717 0.010830 0.102970 -0.834219 0.541626
1742015988.792810 -60.710793 -28.379951 11.976594 0.046399 0.138536 -0.805591 0.574176
1742015989.793225 -61.282490 -29.353924 11.978541 0.020173 0.125936 -0.810965 0.571025
1742015990.793633 -61.763092 -30.317404 11.992242 0.013424 0.107369 -0.837829 0.535102
1742015991.794062 -62.303791 -31.304289 12.051605 -0.011540 0.106887 -0.802934 0.586293
1742015992.827846 -62.752083 -32.369511 12.112393 -0.032781 0.081272 -0.750458 0.655083
1742015993.861654 -63.122684 -33.511936 12.185551 -0.006764 0.088563 -0.781816 0.617151
1742015994.862098 -63.602985 -34.592308 12.250113 0.031885 0.123555 -0.817738 0.561268
1742015995.895888 -64.092171 -35.474926 12.331491 0.034121 0.101300 -0.848268 0.518667
1742015996.896324 -64.729134 -36.243259 12.365137 -0.053797 -0.105500 0.905492 -0.407504
1742015997.896731 -65.353004 -37.093163 12.424051 0.013401 0.108025 -0.859149 0.500015
1742015998.930504 -65.892509 -37.975147 12.501254 0.008176 0.081552 -0.800915 0.593141
1742015999.930945 -66.441643 -38.918686 12.576042 0.001129 0.090119 -0.813869 0.574017
1742016000.964752 -66.800117 -39.722507 12.648333 0.012218 0.082520 -0.733123 0.674960
1742016001.998555 -67.031708 -40.613338 12.748225 0.022993 0.089798 -0.705706 0.702414
1742016003.032366 -67.079659 -41.616367 12.831444 -0.018014 0.091245 -0.668076 0.738258
1742016004.066182 -67.403175 -42.622135 12.887237 0.003861 0.092208 -0.774264 0.626098
1742016005.066627 -67.922195 -43.568073 12.881014 0.038374 0.109572 -0.846434 0.519683
1742016006.100393 -68.635941 -44.524193 12.928708 -0.020386 -0.087295 0.874979 -0.475789
1742016007.100812 -69.353943 -45.423859 12.980484 -0.013026 -0.087851 0.876755 -0.472667
1742016008.134579 -70.014130 -46.350903 12.966416 -0.012185 0.085516 -0.852947 0.514801
1742016009.168356 -70.577538 -47.344265 12.990846 0.005405 0.094243 -0.824330 0.558184
1742016010.202143 -71.166565 -48.378166 13.006950 0.018503 0.091407 -0.825823 0.556164
1742016011.202583 -71.745377 -49.379787 13.004636 -0.010524 0.095811 -0.824974 0.556891
1742016012.236382 -72.198753 -50.443226 13.032604 -0.013996 0.090651 -0.789444 0.606931
1742016013.270200 -72.721069 -51.527821 13.060442 -0.001121 0.077702 -0.824789 0.560075
1742016014.304029 -73.270927 -52.560680 13.059064 -0.008851 0.077220 -0.822303 0.563716
1742016015.304482 -73.805267 -53.512871 13.091301 -0.000899 0.106938 -0.789252 0.604686
1742016016.338274 -74.250557 -54.592522 13.095389 0.024319 0.125288 -0.768293 0.627246
1742016017.372072 -74.515160 -55.623764 12.923782 0.029492 0.144544 -0.702739 0.695985
1742016018.405864 -74.699707 -56.570889 13.066074 -0.021553 0.092635 -0.734188 0.672251
1742016019.439663 -75.090515 -57.496201 13.349547 0.004076 0.107908 -0.789155 0.604627
1742016020.473489 -75.542732 -58.404339 13.494845 0.016215 0.084345 -0.824351 0.559526
1742016021.473933 -76.074905 -59.253147 13.550090 -0.050139 -0.061722 0.884840 -0.459059
1742016022.507725 -76.698303 -59.909855 13.620887 -0.097742 -0.065754 0.924334 -0.362945
1742016023.541513 -77.595871 -60.513180 13.671670 -0.008955 -0.061601 0.960337 -0.271805
1742016024.541947 -78.282555 -61.164345 13.788260 0.008979 -0.054841 0.916057 -0.397179
1742016025.609046 -78.977272 -61.960163 13.916198 0.012439 -0.060390 0.898698 -0.434213
1742016026.642796 -79.524124 -62.894073 13.925703 -0.015010 0.057236 -0.849203 0.524742
1742016027.643219 -79.766388 -63.741375 13.955204 0.016271 0.096613 -0.779861 0.618238
1742016028.643647 -80.008675 -64.499031 14.011956 0.009746 0.111443 -0.757003 0.643764
1742016029.644136 -80.179459 -65.266029 14.099813 0.005541 0.102798 -0.744875 0.659214
1742016030.677971 -80.535782 -66.060799 14.161956 0.022034 0.093999 -0.803685 0.587171
1742016031.678413 -80.923302 -66.799553 14.277587 -0.047630 0.053171 -0.782075 0.619082
1742016032.678857 -81.235802 -67.565247 14.310470 -0.055501 0.032588 -0.761614 0.644827
1742016033.679276 -81.574860 -68.187584 14.301962 -0.052574 0.047910 -0.831465 0.551005
1742016034.679704 -81.737312 -68.554070 14.291991 -0.002796 0.059347 -0.828819 0.556353
1742016035.680171 -81.880859 -68.938286 14.499228 -0.001817 -0.068152 0.894743 -0.441347
1742016036.713968 -82.338821 -69.045288 14.584733 -0.026478 -0.077882 0.925181 -0.370505
1742016037.714389 -82.678383 -69.081673 14.380127 -0.097473 -0.047351 0.932806 -0.343700
1742016038.714828 -83.503914 -68.712990 14.216487 -0.010464 -0.076414 0.911676 -0.403606
1742016040.082130 -84.603569 -68.739929 14.173859 -0.022597 -0.142901 0.910849 -0.386553
1742016041.115922 -85.433380 -69.296852 14.132900 -0.003431 -0.141185 0.886135 -0.441384
1742016042.116339 -86.191200 -69.932907 14.065921 -0.011051 0.090324 -0.855026 0.510539
1742016043.150109 -86.825798 -70.762589 14.245777 -0.095226 0.050506 -0.845003 0.523786
1742016044.184868 -87.486374 -71.416168 14.140554 0.085718 -0.064872 0.881233 -0.460295
1742016045.186709 -88.170273 -71.967148 14.066876 0.107809 -0.037730 0.880711 -0.459675
1742016046.186928 -88.534561 -72.623940 13.923237 -0.050463 0.029477 -0.810406 0.582947
1742016047.187118 -88.834892 -73.209930 13.895179 -0.056411 0.035151 -0.784643 0.616375
1742016048.187310 -89.349670 -73.680649 13.745207 0.008221 -0.066445 0.870862 -0.486947
1742016049.254178 -90.135963 -73.788490 13.616866 0.000652 -0.115911 0.981091 -0.154997
1742016050.254359 -90.688980 -74.053024 13.509449 0.016314 -0.087783 0.957502 -0.274260
1742016051.254546 -90.989098 -74.325684 13.292249 0.014699 0.091281 -0.858404 0.504573
1742016052.254743 -91.277031 -74.580933 13.200099 -0.027102 0.099225 -0.732641 0.672798
1742016053.289507 -91.231819 -74.916962 13.082813 -0.016715 0.089267 -0.686908 0.721048
1742016054.324278 -91.385193 -75.426712 12.927043 -0.007902 0.040732 -0.754176 0.655360
1742016055.357549 -91.570824 -76.114174 12.706686 -0.039877 0.063365 -0.781249 0.619714
1742016056.390804 -92.031395 -76.966873 12.463878 0.012875 0.071324 -0.807633 0.585215
1742016057.457390 -92.588921 -77.849251 12.117474 0.009248 0.080019 -0.854789 0.512686
1742016058.490650 -92.986115 -78.541306 11.975574 -0.004752 -0.086023 0.887118 -0.453430
1742016059.523932 -93.555534 -79.185631 11.918218 -0.020902 -0.068831 0.891194 -0.447883
1742016060.524927 -94.246704 -79.852669 11.763097 -0.054806 -0.023787 0.887743 -0.456446
1742016061.558807 -94.756538 -80.677872 11.601375 -0.035647 -0.048621 0.867270 -0.494174
1742016062.558955 -95.336182 -81.590324 11.479900 0.038744 -0.028061 0.873758 -0.484002
1742016063.592466 -95.956993 -82.449181 11.268118 0.003220 -0.047354 0.890553 -0.452396
1742016064.592652 -96.537407 -83.022873 11.085880 0.018583 -0.067037 0.901577 -0.426990
1742016065.592832 -97.230492 -83.607719 10.903968 -0.000763 -0.057772 0.920930 -0.385422
1742016066.593035 -97.803398 -84.208611 10.806124 -0.041333 -0.065771 0.917627 -0.389778
1742016067.593207 -98.723824 -84.738335 10.732697 -0.017003 -0.077447 0.942211 -0.325503
1742016068.626738 -99.524879 -85.297806 10.654852 -0.004743 -0.095642 0.937410 -0.334803
1742016069.661580 -100.263084 -85.731430 10.543323 -0.003523 -0.117462 0.910241 -0.397053
1742016070.662264 -100.973541 -86.112999 10.520763 -0.055168 -0.082491 0.900477 -0.423431
1742016071.696039 -101.646759 -86.679993 10.403808 -0.021645 -0.087880 0.905244 -0.415142
1742016072.698234 -102.273010 -87.147141 10.335226 -0.038524 -0.097453 0.901815 -0.419224
1742016073.732170 -102.628983 -87.634529 10.296873 0.013269 0.092069 -0.816769 0.569416
1742016074.732455 -103.070343 -88.143463 10.150138 -0.012281 0.101500 -0.823500 0.558027
1742016075.766025 -103.618500 -88.423538 9.980710 -0.027241 0.106127 -0.771010 0.627326
1742016076.766240 -103.912842 -88.886261 9.876073 -0.023257 0.106409 -0.684600 0.720735
1742016077.766443 -104.001793 -89.511398 9.644502 -0.028498 0.105968 -0.698612 0.707036
1742016078.799977 -104.301682 -90.468430 9.416217 -0.018948 0.097235 -0.782952 0.614143
1742016079.833555 -104.553642 -91.418091 9.225338 -0.022545 0.128959 -0.796789 0.589906
1742016080.833768 -104.935051 -92.334229 9.082473 0.047967 0.128418 -0.794661 0.591373
1742016081.867332 -105.563133 -93.323799 8.939060 0.005682 0.090193 -0.794974 0.599874
1742016082.900948 -106.343971 -94.087036 9.009890 0.003584 -0.105671 0.865077 -0.490370
1742016083.934520 -107.151337 -94.873184 8.966790 -0.030270 0.103539 -0.855516 0.506415
1742016084.968094 -107.479347 -95.714676 8.906458 0.008294 0.081765 -0.808201 0.583144
1742016085.968322 -107.916359 -96.399590 8.819629 0.023305 0.091832 -0.856337 0.507652
1742016086.968563 -108.597366 -97.018883 8.702755 -0.020507 -0.092680 0.873776 -0.476975
1742016087.968921 -109.399216 -97.637009 8.640400 -0.003504 -0.132386 0.862082 -0.489158
1742016088.970554 -110.144905 -98.269501 8.565064 -0.008488 -0.126872 0.883549 -0.450747
1742016089.973256 -110.746170 -98.755722 8.566717 -0.032204 -0.106438 0.899858 -0.421769
1742016090.973480 -111.246979 -98.904015 8.561804 -0.027997 -0.070714 0.927739 -0.365398
1742016092.006983 -111.671722 -98.798248 8.519993 -0.062947 -0.078037 0.985087 -0.139824
1742016093.073859 -111.825340 -98.721359 8.586283 -0.035754 -0.045286 0.995252 0.078390
1742016094.074034 -111.667313 -98.522972 8.613382 -0.028082 -0.056875 0.929896 0.362313
1742016095.107535 -111.979927 -98.553909 8.429089 -0.075953 -0.021625 0.980069 0.182288
1742016096.107720 -112.391685 -98.330673 8.325541 -0.079376 -0.047445 0.994707 0.044785
1742016097.141260 -112.777802 -98.188866 8.101389 -0.065026 -0.053156 0.985086 0.150174
1742016098.174848 -113.161781 -97.873177 7.797039 -0.096649 0.011249 0.940858 0.324527
1742016099.208456 -113.361671 -97.674973 7.679108 -0.082060 -0.023383 0.948579 0.304825
1742016100.241991 -113.284943 -97.620743 7.781888 -0.043630 -0.012114 0.863895 0.501633
1742016101.275496 -112.927361 -97.613632 7.818815 -0.070930 0.029489 0.570952 0.817382
1742016103.375843 -112.844841 -97.618126 7.826493 -0.048460 0.075013 0.503087 0.859610
1742016104.376040 -112.649185 -97.649620 7.841886 -0.066488 0.060409 0.322453 0.942313
1742016105.410330 -112.316971 -97.939919 7.913524 -0.048223 0.015139 0.128506 0.990420
1742016106.411392 -112.125877 -98.008102 7.899620 -0.024583 0.058149 0.093536 0.993612
1742016107.446546 -111.793854 -98.207466 8.149194 -0.065992 0.045035 0.054893 0.995291
1742016108.447993 -111.352066 -98.384636 8.369636 -0.088019 0.031705 0.198115 0.975704
1742016109.514848 -110.728790 -98.182281 8.514487 -0.107014 0.010935 0.337903 0.935013
1742016110.515012 -109.942734 -97.736710 8.623111 -0.103345 -0.000048 0.362026 0.926422
1742016111.515165 -109.155418 -97.263802 8.637375 -0.079633 -0.010866 0.433839 0.897398
1742016112.549731 -108.429253 -96.692825 8.709266 -0.088987 0.012317 0.457550 0.884634
1742016113.583736 -107.789253 -96.026764 8.763642 -0.087836 0.001715 0.475537 0.875298
1742016114.584910 -107.397987 -95.265022 8.867782 -0.101812 0.032076 0.516325 0.849714
1742016115.585392 -106.638969 -94.497238 8.918099 -0.092426 0.007800 0.385007 0.918241
1742016116.618560 -105.870384 -93.728897 8.889158 -0.127873 0.050083 0.388730 0.911059
1742016117.685074 -105.260933 -92.892937 8.992784 -0.102236 0.023008 0.506145 0.856058
1742016118.751581 -104.818405 -91.861740 9.101014 -0.067399 0.004498 0.603668 0.794369
1742016119.818081 -104.455360 -90.959557 9.269065 -0.041879 0.003539 0.649492 0.759206
1742016120.917955 -104.342155 -90.358940 9.235232 -0.077435 0.022687 0.651164 0.754635
1742016121.984470 -104.052666 -89.313705 9.431941 -0.084396 -0.027907 0.617238 0.781739
1742016123.017818 -103.619827 -88.646988 9.724275 -0.067715 -0.003158 0.486296 0.871161
1742016124.052409 -103.304237 -88.018097 9.908479 -0.062531 0.023033 0.415872 0.906978
1742016125.052523 -102.503494 -87.644615 10.158150 -0.083711 0.031482 0.298657 0.950161
1742016126.119313 -101.785873 -87.161530 10.264916 -0.078008 0.027627 0.308806 0.947518
1742016127.186098 -100.905434 -86.545570 10.473699 -0.057940 0.015277 0.262238 0.963141
1742016128.186471 -100.185982 -86.041000 10.592196 -0.070173 0.036016 0.257951 0.962933
1742016129.220737 -99.338432 -85.526176 10.629169 -0.086890 0.034258 0.332393 0.938505
1742016130.221315 -98.394768 -85.099670 10.789601 -0.060520 -0.013669 0.328448 0.942482
1742016131.255695 -97.661438 -84.553444 10.797578 -0.063757 0.022725 0.367436 0.927582
1742016132.289481 -96.797485 -83.968567 10.928420 -0.062634 0.020030 0.376734 0.923984
1742016133.289943 -96.028984 -83.404930 11.009667 -0.071901 -0.010380 0.389963 0.917961
1742016134.357076 -95.375732 -82.696518 11.110569 -0.076022 0.034591 0.397286 0.913886
1742016135.357496 -94.799797 -81.918686 11.217005 -0.065387 0.030424 0.392380 0.916971
1742016136.357918 -94.518402 -81.270676 11.334422 -0.059274 0.013043 0.477282 0.876652
1742016137.358374 -94.200294 -80.776566 11.390560 -0.051634 0.021116 0.510167 0.858264
1742016138.358838 -93.714027 -80.204254 11.579902 -0.055660 0.016944 0.482481 0.873972
1742016139.425979 -93.109184 -79.641937 11.746408 -0.041184 -0.023654 0.462204 0.885501
1742016140.459759 -92.575722 -79.055763 11.906611 -0.042381 -0.010471 0.465192 0.884133
1742016141.460188 -92.267441 -78.427010 12.086379 -0.009419 -0.039583 0.568567 0.821630
1742016142.527310 -91.899460 -77.573578 12.375850 0.002150 -0.047072 0.584908 0.809730
1742016143.561085 -91.445129 -76.889107 12.643167 -0.029743 -0.068684 0.543959 0.835767
1742016144.594875 -91.069824 -76.070305 13.012486 -0.037677 -0.056984 0.620050 0.781582
1742016145.595308 -90.799583 -75.511871 13.151985 -0.055759 -0.099925 0.515352 0.849305
1742016146.595733 -90.509438 -75.240433 13.346409 -0.047419 -0.027059 0.315996 0.947188
1742016147.629505 -90.315025 -74.897217 13.436736 0.029192 0.028271 0.211315 0.976573
1742016148.663307 -89.792526 -74.601295 13.535300 -0.052240 0.003192 0.178645 0.982521
1742016149.663750 -89.189247 -74.247902 13.511950 -0.078493 0.013189 0.303331 0.949555
1742016150.664208 -88.510384 -73.692276 13.650580 -0.100031 0.004725 0.409244 0.906913
1742016151.731356 -87.980499 -73.069183 14.002833 -0.088581 0.015486 0.460725 0.882976
1742016152.798486 -87.465981 -72.580650 14.133478 -0.132398 -0.029951 0.430247 0.892447
1742016153.832284 -86.875473 -72.076225 14.209244 -0.116684 0.006502 0.359083 0.925960
1742016154.832747 -86.137444 -71.769966 14.352037 -0.072649 0.059403 0.260082 0.961015
1742016155.833197 -85.598305 -71.336418 14.393513 -0.097482 0.077705 0.359214 0.924892
1742016156.833638 -84.892982 -70.884361 14.495362 -0.096514 0.034078 0.306663 0.946299
1742016157.834063 -84.075462 -70.591652 14.600745 -0.074502 0.029611 0.184289 0.979597
1742016158.834509 -83.248360 -70.394150 14.645191 -0.054524 0.061623 0.170446 0.981926
1742016159.901658 -82.473495 -70.214752 14.647931 -0.071641 0.071004 0.318925 0.942397
1742016160.902097 -81.844551 -70.137573 14.694885 -0.059412 0.036845 0.281447 0.957027
1742016161.935917 -81.432991 -70.142235 15.007234 -0.058322 0.021782 0.448230 0.891748
1742016162.936365 -81.271774 -69.930023 15.339614 -0.096057 0.021003 0.545342 0.832426
1742016163.936800 -81.022316 -69.533501 15.245757 -0.059897 0.030592 0.567172 0.820849
1742016164.970575 -80.689049 -69.212975 15.027868 -0.094295 0.007550 0.718776 0.688776
1742016165.971003 -80.408836 -68.723450 14.683881 -0.112683 0.002179 0.577901 0.808287
1742016167.004783 -80.004128 -68.002609 14.710244 -0.092182 0.002875 0.545493 0.833025
1742016168.005238 -79.399101 -67.285889 14.775708 -0.116143 0.044087 0.511166 0.850456
1742016169.005692 -79.110489 -66.706963 14.797517 -0.113582 0.075414 0.590465 0.795464
1742016170.072813 -78.843643 -66.100525 14.863981 -0.113621 0.050570 0.672936 0.729171
1742016171.073277 -78.709885 -65.365814 14.781689 -0.093798 -0.005382 0.685851 0.721652
1742016172.073834 -78.509331 -64.633163 14.766994 -0.086655 -0.006396 0.540608 0.836775
1742016173.074238 -78.099808 -64.027687 14.739285 -0.082730 -0.030767 0.477912 0.873962
1742016174.107984 -77.621513 -63.466705 14.708451 -0.093665 0.038183 0.500571 0.859766
1742016175.141764 -77.199654 -62.929531 14.662416 -0.097183 0.062730 0.455732 0.882569
1742016176.175547 -76.616066 -62.470455 14.531882 -0.112419 0.129943 0.422312 0.890016
1742016177.175967 -75.675987 -62.015606 14.485541 -0.117819 0.106078 0.338410 0.927548
1742016178.209770 -74.890717 -61.548038 14.615824 -0.123903 0.058931 0.482797 0.864918
1742016179.276907 -74.358673 -60.955063 14.626462 -0.111709 0.010046 0.623093 0.774065
1742016180.277347 -73.829773 -60.109352 14.562384 -0.098376 0.012636 0.612033 0.784588
1742016181.311112 -73.368889 -59.187599 14.506826 -0.117607 0.063513 0.585723 0.799414
1742016182.311528 -73.039368 -58.396458 14.260599 -0.149935 0.000562 0.685532 0.712436
1742016183.311933 -72.706062 -57.532764 14.207482 -0.105707 0.030885 0.730259 0.674236
1742016184.345697 -72.104858 -56.638885 14.472509 -0.122194 0.011854 0.581304 0.804371
1742016185.379505 -71.504684 -55.795483 14.492931 -0.098147 0.031874 0.516889 0.849810
1742016188.180853 -69.917130 -53.634434 14.481363 -0.102310 0.011782 0.561213 0.821239
1742016189.181274 -69.464470 -52.724087 14.495937 -0.108288 0.003495 0.559114 0.821981
1742016190.181696 -68.995583 -51.879654 14.504228 -0.085174 0.026387 0.542210 0.835498
1742016191.182132 -68.426292 -51.110806 14.526300 -0.117943 0.085017 0.482672 0.863649
1742016192.182564 -67.791115 -50.421661 14.548571 -0.110635 0.061234 0.449784 0.884141
1742016193.249694 -67.283646 -49.620529 14.595140 -0.115672 0.044226 0.532705 0.837191
1742016194.250893 -66.730003 -48.944000 14.606717 -0.106954 0.056075 0.502907 0.855863
1742016195.319834 -66.069283 -48.168507 14.616089 -0.120916 0.081991 0.457372 0.877193
1742016196.320014 -65.466545 -47.400940 14.654717 -0.104026 0.042873 0.474640 0.872959
1742016197.320168 -64.792870 -46.669731 14.675614 -0.118076 0.057721 0.482451 0.866007
1742016198.320352 -64.170662 -45.925892 14.660742 -0.118365 0.065416 0.528260 0.838243
1742016199.353855 -63.712368 -45.129272 14.727975 -0.116845 0.053610 0.631426 0.764706
1742016200.354038 -63.522957 -44.296188 14.707520 -0.127886 0.027428 0.660870 0.739016
1742016201.387678 -63.160751 -43.381458 14.719433 -0.108116 0.035093 0.604550 0.788415
1742016202.387986 -62.639042 -42.414631 14.631963 -0.088584 0.011009 0.543151 0.834877
1742016203.421506 -62.030876 -41.598011 14.552218 -0.083341 0.015683 0.495744 0.864318
1742016204.421650 -61.483418 -40.792137 14.518004 -0.105511 0.059453 0.563590 0.817129
1742016205.421791 -60.851578 -39.998013 14.496019 -0.092080 0.058875 0.493054 0.863106
1742016206.421936 -60.028687 -39.297398 14.463171 -0.077739 0.052526 0.422526 0.901482
1742016207.455543 -59.374355 -38.576118 14.476480 -0.098841 0.088064 0.466988 0.874298
1742016208.489155 -59.048908 -37.785419 14.412746 -0.125954 0.098840 0.603952 0.780774
1742016209.489313 -58.567265 -36.973309 14.367416 -0.116083 0.055383 0.642642 0.755294
1742016210.523575 -57.998425 -35.951355 14.358017 -0.105748 0.052485 0.606926 0.785941
1742016211.557995 -57.329853 -34.970337 14.242594 -0.094019 0.062598 0.511825 0.851632
1742016212.591739 -56.576977 -34.010025 14.225063 -0.109374 0.089080 0.460178 0.876549
1742016213.592104 -55.957447 -33.172901 14.279370 -0.114033 0.058287 0.518963 0.845149
1742016214.592502 -55.387978 -32.383907 14.283859 -0.103947 0.074775 0.581513 0.803397
1742016215.626261 -54.678185 -31.487543 14.304817 -0.092075 0.106332 0.506897 0.850453
1742016216.660041 -53.803875 -30.687077 14.331277 -0.086885 0.076556 0.440581 0.890213
1742016217.727207 -52.939625 -29.925304 14.327570 -0.092638 0.082185 0.447137 0.885851
1742016218.760998 -52.017860 -29.237137 14.358519 -0.084801 0.102848 0.400587 0.906510
1742016219.794756 -51.111286 -28.607441 14.378560 -0.094895 0.038170 0.384356 0.917501
1742016220.795156 -50.388023 -27.935911 14.375897 -0.112529 0.053587 0.483683 0.866323
1742016221.828917 -49.625572 -27.147894 14.399377 -0.105977 0.045136 0.549367 0.827603
1742016222.862662 -48.968964 -26.282843 14.382581 -0.114235 0.042481 0.590226 0.797985
1742016223.863172 -48.488194 -25.433577 14.391706 -0.119175 0.080210 0.628676 0.764285
1742016224.863663 -48.115570 -24.604074 14.258014 -0.123201 -0.006439 0.691025 0.712225
1742016225.864131 -47.811760 -23.698425 14.117196 -0.111296 0.028559 0.693113 0.711613
1742016226.897902 -47.345238 -22.556320 13.874434 -0.120336 0.064466 0.620842 0.771957
1742016227.898366 -47.038185 -21.434513 13.736861 -0.150766 0.040840 0.676830 0.719377
1742016228.932147 -46.937862 -20.474340 13.590020 -0.165986 0.057691 0.764428 0.620298
1742016229.968276 -47.089382 -19.523640 13.574153 -0.083117 -0.025167 0.828557 0.553128
1742016230.968604 -47.412395 -18.737377 13.437979 -0.108692 -0.025179 0.876399 0.468483
1742016232.002153 -47.623291 -17.639929 13.264105 -0.131257 -0.023965 0.844351 0.518911
1742016233.035663 -47.962681 -16.449505 13.055888 -0.109086 -0.018587 0.784355 0.610362
1742016234.069162 -47.935680 -15.137980 12.967560 -0.113203 -0.030378 0.728961 0.674447
1742016235.069380 -47.701733 -13.988933 12.917038 -0.120532 0.012635 0.717396 0.686043
1742016236.069556 -47.540104 -12.865735 12.882405 -0.132354 0.008353 0.722697 0.678323
1742016237.103085 -47.032490 -11.767089 12.823586 -0.102834 0.007302 0.609722 0.785882
1742016238.136627 -46.416485 -10.884180 12.712015 -0.055003 0.028635 0.489632 0.869722
1742016239.170174 -46.167130 -10.279749 12.655247 -0.078847 0.029783 0.549495 0.831235
1742016240.170349 -45.961296 -9.641650 12.581818 -0.105017 0.002786 0.627798 0.771255
1742016241.203944 -46.118038 -8.985183 12.520208 -0.117275 0.010286 0.859647 0.497140
1742016242.204132 -46.374199 -8.346311 12.458879 -0.149776 -0.009551 0.899147 0.411109
1742016243.237641 -46.698044 -7.840735 12.411501 -0.158601 0.049682 0.912129 0.374698
1742016244.237817 -46.563019 -7.591067 12.327390 -0.099162 0.085006 0.800520 0.584901
1742016245.238270 -46.673100 -7.465998 12.200659 -0.067589 0.094615 0.781551 0.612909
1742016246.273081 -46.817142 -7.083977 12.089372 -0.087091 0.084375 0.743793 0.657319
1742016247.306894 -47.312363 -6.852984 12.008758 -0.108864 -0.003023 0.954330 0.278196
1742016248.340676 -47.544743 -6.717212 11.869447 -0.111419 0.016224 0.972624 0.203288
1742016249.374433 -47.758720 -6.300921 11.420010 -0.113679 0.028841 0.941888 0.314789
1742016250.374863 -48.138832 -5.443315 11.018936 -0.139193 0.046434 0.830008 0.538104
1742016251.408655 -48.099949 -4.672719 10.919801 -0.134747 0.029704 0.796872 0.588180
1742016252.409083 -48.125832 -4.087785 10.811727 -0.117643 0.057739 0.830863 0.540826
1742016253.409520 -47.954365 -3.470501 10.679697 -0.037602 0.132262 0.691122 0.709538
1742016254.443328 -48.104694 -3.308977 10.541861 -0.029256 0.160041 0.539249 0.826282
1742016255.477132 -48.262573 -3.081039 10.356409 -0.007938 0.158040 0.431281 0.888233
1742016256.510922 -48.331703 -2.837735 10.082270 -0.131649 0.094630 0.551977 0.817946
1742016257.545954 -48.330399 -2.550811 10.077513 -0.155624 0.107193 0.623677 0.758497
1742016258.614308 -48.137321 -2.239412 9.899593 -0.146262 0.064320 0.690730 0.705239
1742016259.647854 -48.032936 -1.563831 9.569994 -0.168819 0.046582 0.702917 0.689375
1742016260.681394 -47.773788 -1.041846 8.665676 -0.276872 0.052281 0.744898 0.604761
1742016261.683667 -47.813385 -0.532488 9.080997 -0.237091 0.015987 0.774696 0.585986
1742016262.684987 -47.861317 -0.026933 9.040452 -0.151751 -0.004326 0.713894 0.683599
1742016263.751547 -47.339783 0.716724 8.635918 -0.140584 -0.008028 0.541407 0.828885
1742016264.818032 -46.504269 0.453141 8.626048 -0.117122 0.079175 0.093344 0.985546
1742016265.851170 -45.964447 -0.274857 8.654235 -0.098665 0.125664 -0.163190 0.973572
1742016266.884307 -45.353695 -0.805842 8.633739 -0.040681 0.136674 -0.267190 0.953034
1742016267.917446 -44.623306 -1.409601 8.805341 -0.094487 0.071248 -0.276807 0.953611
1742016268.983901 -44.056442 -1.968504 8.918537 -0.070743 0.046266 -0.226523 0.970331
1742016270.083710 -43.370129 -2.416699 8.952827 -0.074522 0.087181 -0.103976 0.987945
1742016271.150439 -42.635204 -3.068260 9.157252 -0.082133 0.071782 -0.139870 0.984143
1742016272.185917 -41.888523 -3.375545 9.430643 -0.100363 0.042136 0.050071 0.992796
1742016273.218986 -40.883698 -3.830580 9.702829 -0.072812 0.075729 -0.115008 0.987794
1742016274.219932 -40.081581 -4.295217 10.016026 -0.076979 0.065139 -0.222018 0.969814
1742016275.253115 -39.304905 -4.832786 10.212299 -0.072359 0.097224 -0.279203 0.952553
1742016276.253387 -38.556366 -5.418451 10.414484 -0.081547 0.083714 -0.245258 0.962388
1742016277.289365 -37.803646 -6.160461 10.727033 -0.103094 0.080482 -0.267425 0.954661
1742016278.292930 -37.191231 -7.001124 10.818710 -0.064209 0.122787 -0.386137 0.911975
1742016279.359239 -36.461487 -7.732431 11.039375 -0.073566 0.078784 -0.328491 0.938336
1742016280.425581 -35.811798 -8.697595 11.165980 -0.065005 0.117399 -0.377688 0.916157
1742016281.458611 -35.383949 -9.657394 11.372208 -0.098704 0.097976 -0.391879 0.909444
1742016282.491715 -34.991821 -10.504023 11.533940 -0.087038 0.112071 -0.347830 0.926757
1742016283.524734 -34.394627 -11.135193 11.639050 -0.092782 0.109243 -0.280823 0.948997
1742016284.624372 -33.714909 -12.054949 11.869414 -0.089904 0.105963 -0.361053 0.922133
1742016285.690681 -33.308395 -12.952016 12.069430 -0.062236 0.117459 -0.372445 0.918485
1742016286.723701 -32.753284 -13.974270 12.196690 -0.078678 0.119535 -0.336424 0.930774
1742016287.724210 -32.110512 -14.801235 12.201541 -0.088221 0.108198 -0.300667 0.943456
1742016288.724724 -31.362860 -15.471698 12.209564 -0.098255 0.098220 -0.214321 0.966833
1742016289.758015 -30.589867 -16.146824 12.154645 -0.109403 0.074690 -0.073014 0.988494
1742016290.791268 -29.804382 -16.645304 12.164050 -0.112674 0.079864 0.111918 0.984074
1742016291.824507 -28.850769 -16.963064 12.053699 -0.131422 0.077911 0.236728 0.959488
1742016292.825430 -27.873941 -17.193453 11.934381 -0.145017 0.062512 0.221701 0.962243
1742016293.960623 -26.968725 -17.191874 11.798665 -0.147064 0.042828 0.320032 0.934942
1742016294.994648 -26.276718 -17.188164 11.561425 -0.145228 0.090480 0.214377 0.961647
1742016296.061776 -25.665720 -17.076971 11.219728 -0.126393 0.102423 0.157579 0.974014
1742016297.062187 -25.066273 -16.877602 11.249561 -0.136048 0.053469 0.243733 0.958763
1742016298.062670 -24.543180 -16.733566 11.266751 -0.113729 0.101736 0.277364 0.948570
1742016299.096500 -23.789322 -16.573561 10.880814 -0.129676 0.085955 0.269505 0.950349
1742016300.163632 -22.899746 -16.433708 10.724464 -0.151499 0.054011 0.270072 0.949311
1742016301.164056 -22.281099 -16.257010 10.535795 -0.153152 0.047276 0.247045 0.955656
1742016302.200342 -21.685015 -16.107555 10.219761 -0.169848 0.083425 0.240369 0.952058
1742016303.200507 -21.177740 -16.012894 10.076848 -0.152212 0.104276 0.245858 0.951584
1742016304.200666 -20.694515 -15.834502 9.944408 -0.148916 0.082550 0.295562 0.940028
1742016305.300868 -20.140047 -15.641960 9.649398 -0.165435 0.090027 0.240403 0.952225
1742016306.301078 -19.810556 -15.561467 9.650358 -0.138562 0.095842 0.295956 0.940226
1742016307.401268 -19.523726 -15.425048 9.602146 -0.153204 0.103362 0.302804 0.934962
1742016308.434775 -18.934486 -15.322740 9.372104 -0.158171 0.064032 0.329613 0.928567
1742016309.468307 -18.461544 -15.147639 9.132096 -0.138945 0.027855 0.381896 0.913277
1742016310.468518 -17.996975 -14.919311 9.064458 -0.166533 0.074927 0.380896 0.906405
1742016311.468713 -17.640181 -14.778385 8.915847 -0.141655 0.049936 0.375080 0.914743
1742016312.535586 -17.180206 -14.630383 8.687669 -0.132299 0.032509 0.381722 0.914182
1742016313.535778 -16.633646 -14.483130 8.490310 -0.131348 0.073934 0.313102 0.937683
1742016314.569329 -15.873495 -14.319538 8.155368 -0.142147 0.049368 0.241198 0.958739
1742016315.569556 -15.286418 -14.277299 7.756406 -0.140855 0.059119 0.264119 0.952316
1742016316.569754 -14.813975 -14.119938 7.622724 -0.135874 0.076577 0.343870 0.925974
1742016317.637261 -14.028095 -13.940554 7.280277 -0.141668 0.046495 0.308624 0.939425
1742016318.705158 -13.480577 -13.767947 7.108393 -0.131447 0.051367 0.416900 0.897930
1742016319.705649 -12.699211 -13.324006 6.733696 -0.141931 0.051907 0.410630 0.899191
1742016320.739418 -12.038622 -13.115478 6.491649 -0.131854 0.076262 0.371030 0.916043
1742016321.739850 -11.294747 -12.820024 6.121047 -0.158789 0.086778 0.324452 0.928432
1742016322.740286 -10.706182 -12.538844 5.940787 -0.147949 0.119667 0.323144 0.927022
1742016323.774064 -10.349192 -12.415859 5.902512 -0.130466 0.099272 0.382608 0.909250
1742016324.774491 -9.778037 -12.163095 5.557757 -0.130406 0.119265 0.422592 0.888924
1742016325.774927 -8.933345 -11.763448 5.453018 -0.135771 0.086201 0.368000 0.915812
1742016326.808706 -7.969065 -11.686785 5.182230 -0.121598 0.111228 0.219379 0.961621
1742016327.809133 -7.050812 -11.785828 4.977400 -0.102779 0.154435 0.083039 0.979128
1742016328.809548 -6.310753 -11.850472 4.908397 -0.101842 0.166029 0.082209 0.977397
1742016329.809990 -5.559157 -11.936912 4.539705 -0.073064 0.188756 0.036672 0.978615
1742016330.810436 -4.632963 -11.902394 4.492638 -0.108719 0.136219 0.069451 0.982243
1742016331.844230 -3.832844 -12.146560 4.479471 -0.093419 0.188089 0.086442 0.973870
1742016332.844661 -2.989830 -12.225214 4.268712 -0.093816 0.160445 0.071797 0.979950
1742016333.878442 -2.000317 -12.231649 4.169691 -0.123609 0.153966 0.064996 0.978157
1742016334.878917 -1.044877 -12.073796 4.106561 -0.136107 0.118959 0.144950 0.972786
1742016335.912731 -0.054691 -11.920723 4.027554 -0.166595 0.118703 0.203985 0.957364
1742016336.946563 0.934201 -11.791875 4.000196 -0.136441 0.081061 0.252396 0.954520
1742016337.980332 1.928600 -11.525382 3.865490 -0.142988 0.095153 0.338003 0.925340
1742016339.014178 2.837302 -11.296045 3.760764 -0.134562 0.057936 0.375453 0.915189
1742016340.047982 3.580819 -11.292208 3.728736 -0.150705 0.098675 0.377356 0.908379
1742016341.081758 3.853080 -11.318232 3.715838 -0.137875 0.080608 0.449060 0.879112
1742016342.115714 4.100756 -11.157104 3.672526 -0.143028 0.077630 0.487119 0.858039
1742016343.149466 4.483399 -11.169149 3.673137 -0.141712 0.073277 0.467171 0.869655
1742016344.185802 4.668369 -10.985558 3.653066 -0.153168 0.064244 0.507133 0.845712
