#timestamp x y z qx qy qz qw
1742016755.849736 -0.000337 -0.013597 -0.009785 0.196872 0.184192 -0.678299 0.683539
1742016757.943637 -0.126893 0.010247 0.009376 0.195236 0.120616 -0.755971 0.613060
1742016759.007386 -0.487964 0.257410 0.020399 -0.184407 -0.082149 0.886638 -0.416075
1742016760.036739 -0.864535 0.488526 -0.000570 -0.183838 -0.024462 0.965561 -0.182476
1742016761.036909 -1.196283 0.811371 -0.032446 -0.189663 -0.035446 0.975823 -0.102669
1742016762.037653 -1.595748 1.009261 -0.078514 -0.187828 -0.006439 0.982088 0.013501
1742016763.072353 -2.058542 1.271551 -0.177016 -0.194553 -0.023727 0.980380 -0.021016
1742016764.106852 -2.624972 1.380410 -0.248800 -0.189743 -0.064725 0.964333 -0.172828
1742016765.107260 -3.299717 1.241435 -0.304620 -0.172730 -0.067615 0.943874 -0.273302
1742016766.141239 -3.954037 0.899732 -0.329259 -0.161973 -0.095580 0.910733 -0.367688
1742016767.141610 -4.564178 0.482029 -0.338960 -0.164699 -0.099946 0.882913 -0.428194
1742016768.142016 -5.134939 -0.092420 -0.349667 -0.182235 -0.094468 0.868797 -0.450619
1742016769.142399 -5.630735 -0.708167 -0.291050 0.149641 0.081469 -0.842404 0.511201
1742016770.176141 -6.166853 -1.323191 -0.237850 0.143255 0.084930 -0.842410 0.512456
1742016771.209866 -6.776146 -1.973744 -0.175902 -0.131146 -0.074387 0.855361 -0.495606
1742016772.276969 -7.397238 -2.676224 -0.064106 -0.156454 -0.052812 0.892980 -0.418712
1742016773.344109 -8.012087 -3.142550 0.080675 -0.143525 -0.041049 0.920424 -0.361298
1742016774.377876 -8.722994 -3.517497 0.223178 -0.130205 -0.022026 0.952003 -0.276139
1742016775.411641 -9.472375 -3.939068 0.318676 -0.095194 -0.027943 0.962363 -0.253012
1742016776.445416 -10.232597 -4.331449 0.351918 -0.065477 -0.042533 0.944357 -0.319521
1742016777.479280 -11.111066 -4.674541 0.456706 -0.067260 -0.044186 0.943477 -0.321519
1742016778.513090 -12.061774 -5.006144 0.538424 -0.039813 -0.029735 0.954814 -0.293022
1742016779.546905 -12.847486 -5.380849 0.760342 -0.045187 -0.046164 0.957966 -0.279514
1742016780.580685 -13.671008 -5.755719 0.811994 -0.065330 -0.026205 0.976316 -0.204577
1742016781.614465 -14.453608 -6.003480 0.936526 -0.058753 -0.031329 0.974733 -0.213220
1742016782.614901 -15.053144 -6.214868 1.160222 -0.077861 -0.028642 0.956504 -0.279675
1742016783.648683 -15.811529 -6.525131 1.226133 -0.079730 -0.048647 0.923302 -0.372545
1742016784.649118 -16.409027 -6.899115 1.316535 -0.090879 -0.050831 0.932644 -0.345445
1742016785.649545 -16.774849 -7.161549 1.594424 -0.100157 -0.060077 0.913893 -0.388791
1742016786.683331 -17.420811 -7.665350 1.666722 -0.076530 -0.059911 0.902601 -0.419363
1742016787.683771 -17.865452 -8.133999 1.811589 -0.079350 -0.041875 0.903705 -0.418650
1742016788.684211 -18.237741 -8.499508 2.103891 -0.088952 -0.049995 0.884577 -0.455096
1742016789.684684 -18.632555 -9.037672 2.245714 -0.048806 -0.057087 0.878669 -0.471487
1742016790.719815 -19.041561 -9.520504 2.357233 -0.053064 -0.058685 0.874336 -0.478829
1742016791.754863 -19.403997 -9.939828 2.538273 -0.058632 -0.054653 0.916799 -0.391221
1742016792.755046 -19.728449 -10.297063 2.828248 -0.089159 -0.042774 0.917683 -0.384811
1742016793.788565 -20.182610 -10.639832 2.984153 -0.063414 -0.045242 0.908887 -0.409703
1742016794.822100 -20.566830 -10.932575 3.324772 -0.082088 -0.039846 0.920841 -0.379111
1742016795.855629 -21.117735 -11.195118 3.474870 -0.073252 -0.037164 0.926503 -0.367212
1742016796.889148 -21.557035 -11.533021 3.734397 -0.098199 -0.044373 0.915351 -0.387970
1742016797.889325 -21.786171 -11.714426 3.797288 -0.101596 -0.063638 0.925858 -0.358351
1742016798.889511 -22.205847 -12.062343 3.923015 -0.102920 -0.049640 0.928484 -0.353357
1742016799.923012 -22.596373 -12.256301 4.295793 -0.097483 -0.045222 0.949510 -0.294758
1742016800.956528 -22.969147 -12.435189 4.424510 -0.099567 -0.035843 0.917437 -0.383550
1742016801.990026 -23.406723 -12.748502 4.722649 -0.113845 -0.050706 0.913051 -0.388337
1742016802.990187 -23.810303 -13.015390 5.068225 -0.120176 -0.073251 0.898552 -0.415688
1742016804.023683 -24.268448 -13.503666 5.329402 -0.096762 -0.075521 0.913476 -0.387938
1742016805.023819 -24.862644 -13.920337 5.639113 -0.122372 -0.075521 0.911617 -0.385066
1742016806.057340 -25.280088 -14.281738 5.721391 -0.122468 -0.077655 0.923771 -0.354426
1742016807.092221 -25.697908 -14.490751 6.030603 -0.138136 -0.055331 0.904745 -0.399115
1742016808.126231 -26.314268 -14.955992 6.267879 -0.064881 -0.065540 0.910011 -0.404197
1742016809.126643 -26.970186 -15.365993 6.549866 -0.080342 -0.053423 0.904374 -0.415692
1742016810.160457 -27.413126 -15.710856 6.636920 -0.095559 -0.060561 0.908704 -0.401817
1742016811.194246 -27.820635 -15.970912 6.942617 -0.060781 -0.072143 0.902985 -0.419188
1742016812.194692 -28.240816 -16.464867 7.127682 -0.088866 -0.095917 0.895116 -0.426227
1742016813.261818 -28.961092 -16.966309 7.229596 -0.044744 -0.046083 0.918921 -0.389177
1742016814.295609 -29.455563 -17.340679 7.557671 -0.097717 -0.059585 0.932678 -0.342070
1742016815.296059 -30.084635 -17.826515 7.727705 -0.042960 -0.043939 0.932352 -0.356292
1742016816.296622 -30.879951 -18.263607 7.908600 -0.067442 -0.050676 0.942251 -0.324110
1742016817.332835 -31.397652 -18.581779 8.225556 -0.100165 -0.057082 0.922485 -0.368415
1742016818.333089 -32.040657 -18.662573 8.369311 -0.080905 -0.077219 0.925154 -0.362743
1742016819.367358 -32.751789 -18.865522 8.527258 -0.105393 -0.063811 0.915053 -0.384056
1742016820.367500 -33.578541 -18.881857 8.675871 -0.101339 -0.050562 0.949812 -0.291602
1742016821.400917 -34.418190 -18.748802 8.763903 -0.080950 -0.033154 0.973234 -0.212517
1742016822.400998 -35.217106 -18.494053 8.792284 -0.118587 -0.017089 0.992524 -0.023261
1742016823.434430 -36.025780 -18.080648 8.846251 -0.119674 0.005137 0.987967 0.097840
1742016824.434539 -36.662106 -17.676743 8.879821 -0.137926 0.007386 0.986085 0.092513
1742016825.434978 -37.222954 -17.235849 8.858032 -0.157724 0.033486 0.970806 0.177589
1742016826.470669 -37.851883 -16.535158 8.823614 -0.151572 0.015305 0.968876 0.195118
1742016827.503856 -38.453838 -15.931270 8.833093 -0.120967 0.000364 0.990439 0.066307
1742016828.570363 -39.030083 -15.597235 8.821492 -0.131476 -0.019611 0.990334 0.039590
1742016829.603544 -39.646461 -15.311596 8.623868 -0.119991 0.015480 0.988077 0.095217
1742016830.636733 -40.436218 -14.823463 8.457359 -0.114236 -0.000103 0.982292 0.148503
1742016831.703232 -41.088722 -14.284692 8.344906 -0.092644 0.007901 0.978057 0.186438
1742016832.737014 -41.865211 -13.698558 8.233340 -0.089255 -0.018448 0.972099 0.216142
1742016833.771225 -42.581661 -13.112749 8.140702 -0.107961 -0.003420 0.966958 0.230923
1742016834.804900 -43.290020 -12.634547 7.995860 -0.098374 -0.006963 0.975481 0.196749
1742016835.871975 -44.113148 -12.128029 7.879391 -0.115431 -0.036124 0.984763 0.124947
1742016836.872171 -44.827251 -11.761080 7.692857 -0.119662 -0.028906 0.987976 0.093533
1742016837.872334 -45.570030 -11.329401 7.596494 -0.100054 -0.033433 0.985070 0.136045
1742016838.872476 -46.345615 -11.044951 7.392220 -0.106643 -0.028896 0.990345 0.083723
1742016839.905984 -46.961536 -10.852008 7.193981 -0.120054 -0.027801 0.992341 0.008562
1742016840.906161 -47.579845 -10.678127 7.092710 -0.138190 -0.022571 0.989558 0.034199
1742016841.907232 -48.200058 -10.500560 6.890913 -0.131229 -0.010813 0.990889 0.028289
1742016842.941587 -48.752098 -10.386949 6.772938 -0.166574 -0.014697 0.985145 0.039066
1742016843.942020 -49.149620 -10.295053 6.589614 -0.150466 -0.032911 0.985469 -0.071602
1742016844.942439 -49.787685 -10.309567 6.362841 -0.125414 -0.033726 0.988173 -0.081534
1742016845.976211 -50.483334 -10.149567 6.268474 -0.151487 -0.024644 0.988087 0.011309
1742016846.976645 -51.236012 -9.840646 6.120768 -0.082970 -0.052341 0.994923 -0.022457
1742016847.977092 -51.813980 -9.586372 5.897377 -0.140593 -0.048605 0.985879 -0.076903
1742016849.010893 -52.456604 -9.557323 5.750940 -0.126056 -0.018310 0.991439 0.028686
1742016850.046635 -53.192257 -9.404949 5.640216 -0.131534 -0.006809 0.985494 0.107022
1742016851.047681 -53.832485 -9.225028 5.539604 -0.164958 -0.009410 0.980479 0.106589
1742016852.081193 -54.461090 -8.914933 5.473003 -0.152946 0.000145 0.982110 0.109850
1742016853.114729 -55.162434 -8.432755 5.418773 -0.143518 0.000604 0.972159 0.185228
1742016854.148233 -55.798565 -7.885341 5.319130 -0.161955 0.049489 0.933036 0.317436
1742016855.215066 -56.403286 -7.258850 5.217634 -0.176640 0.062176 0.917580 0.350685
1742016856.248586 -57.046463 -6.581715 5.091872 -0.130611 0.031879 0.910960 0.389969
1742016857.282095 -57.655704 -5.969121 4.969199 -0.174475 0.035834 0.911035 0.371873
1742016858.348956 -58.323044 -5.507686 4.939160 -0.201919 -0.011037 0.958649 0.200248
1742016859.349185 -59.166405 -5.190736 4.884126 -0.105261 -0.027587 0.989341 0.096767
1742016860.382704 -60.138397 -4.906319 4.810625 -0.145603 -0.015278 0.983032 0.110522
1742016861.416184 -61.185051 -4.647461 4.758638 -0.146555 -0.020971 0.982558 0.112527
1742016862.449674 -62.272236 -4.491992 4.713105 -0.158499 -0.044315 0.986354 -0.004415
1742016863.449826 -63.199062 -4.486057 4.669409 -0.149564 -0.061949 0.981724 -0.100051
1742016864.449995 -64.149071 -4.539298 4.565004 -0.170848 -0.065382 0.968978 -0.166184
1742016865.483736 -65.137321 -4.709908 4.552240 -0.157566 -0.063227 0.974510 -0.146649
1742016866.485328 -66.088333 -4.923551 4.551560 -0.182657 -0.065274 0.963797 -0.182952
1742016867.486176 -67.048386 -5.197625 4.500480 -0.188337 -0.059384 0.954295 -0.224330
1742016868.522140 -67.985992 -5.593422 4.528961 -0.176444 -0.079787 0.947733 -0.253581
1742016869.555650 -68.917152 -6.045668 4.525110 -0.180872 -0.064697 0.949883 -0.246620
1742016870.622497 -69.966431 -6.504678 4.527751 -0.145926 -0.059364 0.971405 -0.177633
1742016871.656009 -70.956528 -6.772913 4.589224 -0.183172 -0.037949 0.975905 -0.112329
1742016872.656183 -71.961121 -6.863918 4.660902 -0.165785 -0.003516 0.983128 -0.077216
1742016873.689689 -72.972359 -6.902617 4.807893 -0.158270 -0.005999 0.986957 -0.028804
1742016874.723198 -73.962425 -6.773709 4.932282 -0.145071 0.008783 0.989302 -0.012644
1742016875.756729 -74.864914 -6.654415 5.103955 -0.130982 -0.011524 0.991139 -0.018853
1742016876.790244 -75.467812 -6.628819 5.284067 -0.092369 0.008602 0.994049 -0.057097
1742016877.790432 -75.914078 -6.670476 5.342440 -0.103342 -0.023381 0.987644 -0.115471
1742016878.857330 -76.344849 -6.734420 5.337677 -0.106383 0.030421 0.993449 -0.028572
1742016879.890864 -76.573250 -6.610851 5.401117 -0.140957 0.015307 0.975473 0.168374
1742016880.891049 -76.909630 -6.108378 5.504384 -0.145138 -0.011749 0.977788 0.150759
1742016881.891225 -77.550667 -5.937483 5.551525 -0.159022 0.001188 0.985970 0.050725
1742016882.924749 -78.418610 -5.716147 5.571862 -0.120149 -0.016596 0.992594 0.006851
1742016883.925798 -79.216614 -5.529933 5.565624 -0.126304 -0.029727 0.990315 -0.049395
1742016884.993511 -79.874763 -5.506554 5.525656 -0.140662 -0.025822 0.989632 -0.013289
1742016886.060675 -80.262932 -5.514810 5.511152 -0.154238 -0.010268 0.987650 0.025539
1742016891.329723 -80.686790 -5.450405 5.483917 -0.132676 -0.010361 0.990384 -0.037802
1742016892.363491 -81.253464 -5.386332 5.445020 -0.129155 -0.007404 0.991591 -0.003384
1742016893.397260 -82.125534 -5.136500 5.522805 -0.126105 0.020508 0.988939 0.075342
1742016894.397722 -83.087692 -4.836637 5.564272 -0.115966 0.007274 0.990915 0.067728
1742016895.431497 -84.097824 -4.576140 5.604650 -0.111943 -0.005927 0.992294 0.052786
1742016896.431920 -84.936783 -4.372671 5.579230 -0.112913 0.002239 0.993375 0.021233
1742016897.465687 -85.522453 -4.222789 5.556929 -0.148519 -0.006859 0.985963 0.075972
1742016898.466123 -86.319145 -3.954225 5.573483 -0.129270 -0.021866 0.989831 0.055197
1742016899.466568 -87.373619 -3.645818 5.616123 -0.102156 -0.023334 0.993258 0.049571
1742016900.500381 -88.376503 -3.320391 5.671854 -0.097216 0.005184 0.993017 0.066632
1742016901.534251 -89.303482 -3.028243 5.639318 -0.116513 -0.005339 0.991922 0.049865
1742016902.568059 -90.120064 -2.871264 5.632738 -0.128507 0.001284 0.991018 0.036991
1742016903.601851 -90.638863 -2.764555 5.655437 -0.128440 -0.001888 0.991445 0.023141
1742016904.602244 -90.737350 -2.711707 5.643595 -0.136908 -0.000536 0.989210 0.052151
1742016906.669825 -90.878654 -2.630399 5.609142 -0.158124 -0.003430 0.983110 0.092089
1742016907.737880 -91.176048 -2.492739 5.611073 -0.159418 0.003053 0.983040 0.090605
1742016908.773221 -91.512238 -2.519286 5.607407 -0.173390 0.010286 0.979715 0.099948
1742016909.806733 -91.853470 -2.426029 5.607298 -0.167735 0.007395 0.982508 0.080548
1742016910.840253 -92.507446 -2.176456 5.674544 -0.120102 0.024732 0.991651 0.039914
1742016911.873766 -93.236198 -1.946657 5.758821 -0.092183 0.000612 0.995702 0.008921
1742016913.073934 -94.134819 -1.937214 5.748466 -0.124129 0.027996 0.991302 -0.033600
1742016914.074078 -95.066345 -1.927198 5.782166 -0.097853 0.011353 0.995006 -0.016081
1742016915.074258 -96.077904 -1.716753 5.794904 -0.092281 0.013092 0.986074 0.137736
1742016916.107774 -97.062210 -1.484807 5.810051 -0.111927 0.002839 0.988149 0.105000
1742016917.107988 -98.076958 -1.121481 5.788710 -0.079086 -0.008940 0.991597 0.101982
1742016918.108182 -99.022484 -0.652498 5.858176 -0.086291 0.005723 0.985505 0.145949
1742016919.141719 -99.980965 -0.276430 5.829847 -0.106671 0.002243 0.985694 0.130477
1742016920.175234 -100.964836 0.091024 5.863781 -0.117090 -0.001727 0.983027 0.141229
1742016921.175387 -101.971687 0.466555 5.845484 -0.119679 0.009307 0.985804 0.117392
1742016922.177595 -102.927101 0.905384 5.897256 -0.118031 0.002816 0.982960 0.140894
1742016923.211481 -103.973457 1.377468 5.929596 -0.131622 0.005550 0.979808 0.150401
1742016924.212664 -105.082283 1.865288 5.913891 -0.107305 0.000932 0.972722 0.205660
1742016925.247168 -106.076904 2.351412 5.947887 -0.126354 0.034366 0.960655 0.244942
1742016926.247425 -106.931725 2.850965 5.983829 -0.117762 0.000066 0.967965 0.221756
1742016927.280884 -107.745445 3.558490 5.991409 -0.124253 0.013622 0.962726 0.239863
1742016928.280989 -108.563965 4.301380 5.958747 -0.093323 -0.017120 0.960778 0.260583
1742016929.314396 -109.380074 5.088630 5.893159 -0.115691 0.020386 0.954232 0.275030
1742016930.314476 -110.140709 5.797809 5.872025 -0.112031 0.007641 0.954868 0.274986
1742016931.347903 -110.977783 6.543434 5.726040 -0.107720 -0.020036 0.959258 0.260420
1742016932.381346 -112.010666 7.102231 5.693386 -0.107154 -0.018688 0.977501 0.180725
1742016933.383785 -112.859108 7.424786 5.736210 -0.135393 -0.014017 0.985771 0.098630
1742016934.386116 -113.773262 7.758506 5.767436 -0.105146 -0.017898 0.988785 0.104534
1742016935.419202 -114.802071 7.998483 5.790317 -0.113002 0.012951 0.993036 0.030709
1742016936.452155 -115.828316 8.074107 5.777784 -0.107816 -0.017906 0.993959 -0.010011
1742016937.485206 -116.841293 8.128010 5.770108 -0.107137 -0.001876 0.993669 -0.033769
1742016938.486411 -117.752342 8.207115 5.754611 -0.112055 0.032463 0.993122 -0.009938
1742016939.519634 -118.676414 8.237984 5.634046 -0.072531 0.038167 0.996540 0.013808
1742016940.586207 -119.649994 8.146814 5.416728 -0.113028 0.012247 0.993394 -0.015586
1742016941.619849 -120.493362 8.105331 5.276298 -0.123752 0.011985 0.991659 -0.033977
1742016942.653103 -121.391197 8.305407 5.107390 -0.129236 0.010688 0.988344 0.079753
1742016943.686368 -122.329315 8.534534 4.973295 -0.131030 0.008961 0.985298 0.109267
1742016944.719634 -123.316132 8.603400 4.959292 -0.119731 0.009452 0.991208 0.055519
1742016945.786211 -124.396210 8.877021 4.938999 -0.076314 0.011603 0.988999 0.126187
1742016946.886107 -125.545448 9.280536 4.961715 -0.108458 -0.001988 0.986932 0.119157
1742016947.919344 -126.371803 9.543453 4.912827 -0.117426 0.050965 0.978508 0.161666
1742016948.953268 -127.293098 9.845646 4.795640 -0.066894 -0.001627 0.987575 0.142190
1742016949.954815 -128.321884 10.150860 4.748440 -0.085162 -0.015657 0.990999 0.102099
1742016950.989258 -129.403625 10.482475 4.704145 -0.068238 -0.000976 0.991575 0.110096
1742016952.023037 -130.342422 10.778297 4.664527 -0.056490 -0.001135 0.996440 0.062572
1742016953.056926 -131.385468 11.036148 4.673042 -0.065769 0.024137 0.997002 0.032856
1742016954.090789 -132.430725 11.271687 4.668846 -0.036270 -0.021589 0.998447 0.036367
1742016955.091238 -132.892838 11.439496 4.680149 -0.065128 -0.009591 0.996784 0.045688
1742016956.091682 -133.506088 11.773329 4.720201 -0.079210 0.013823 0.990462 0.111892
1742016957.125461 -134.335724 12.186625 4.800487 -0.043172 -0.004313 0.996724 0.068261
1742016958.125918 -135.227844 12.540290 4.972662 -0.047779 -0.012238 0.995213 0.084373
1742016959.159706 -136.269638 12.963113 5.023946 -0.059764 0.000546 0.996866 0.051836
1742016960.160179 -137.298096 13.340592 5.092993 -0.121395 -0.013403 0.992154 0.026740
1742016961.193975 -138.208038 13.696157 5.290955 -0.085531 0.005458 0.991820 0.094592
1742016962.227715 -139.052429 14.005542 5.425861 -0.112243 0.025776 0.984553 0.131882
1742016963.228129 -139.815720 14.332106 5.508708 -0.057714 0.011374 0.996620 0.057342
1742016964.228535 -140.630478 14.722081 5.690845 -0.052975 0.015394 0.997275 0.048974
1742016965.228930 -141.515778 15.141597 5.761266 -0.057475 0.019583 0.982746 0.174708
1742016966.229366 -142.292450 15.644514 5.874838 -0.079058 0.018552 0.970984 0.224935
1742016967.229784 -142.970551 16.323261 5.962933 -0.095614 0.039269 0.969109 0.223928
1742016968.230344 -143.785263 16.935850 5.940166 -0.085163 0.014839 0.972168 0.217753
1742016969.264192 -144.572266 17.620970 5.924787 -0.106963 0.041565 0.946879 0.300419
1742016970.297945 -145.277512 18.361898 5.890255 -0.116427 0.036619 0.934610 0.334077
1742016971.365066 -145.937378 19.084896 5.864847 -0.124317 0.053977 0.947812 0.288591
1742016972.398860 -146.552429 19.903950 5.785872 -0.087146 0.038010 0.924623 0.368827
1742016973.432643 -146.999725 20.715061 5.668589 -0.084797 0.061747 0.880997 0.461348
1742016974.433081 -147.218948 21.481981 5.528924 -0.109285 0.078152 0.827131 0.545713
1742016975.433481 -147.413025 22.219130 5.271591 -0.096644 0.056959 0.836969 0.535629
1742016976.467293 -147.592163 23.012409 5.067595 -0.132581 0.117456 0.858478 0.481291
1742016977.501058 -147.955276 23.916624 4.902433 -0.080910 0.042899 0.916921 0.388418
1742016978.534812 -148.203415 24.647036 4.804959 -0.058851 0.056956 0.840035 0.536315
1742016979.535238 -148.231293 25.053640 4.771196 -0.023620 0.060024 0.718857 0.692159
1742016980.535673 -148.034546 25.079241 4.779324 -0.013130 0.083550 0.499952 0.861914
1742016981.569427 -147.860458 25.009232 4.791351 0.012955 0.060659 0.205778 0.976631
1742016982.636531 -147.826813 24.865641 4.780031 0.022650 0.058870 -0.090272 0.993918
1742016983.636971 -147.857605 24.655746 4.773055 0.026788 0.066414 -0.311814 0.947440
1742016984.670846 -147.816650 24.261162 4.725574 0.054169 0.087620 -0.443399 0.890385
1742016985.671294 -147.521835 23.504309 4.815202 0.071827 0.041867 -0.529625 0.844148
1742016986.671748 -147.232803 22.555065 4.948020 0.080490 0.043788 -0.578964 0.810188
1742016987.705532 -147.047028 21.358738 5.188927 0.061809 0.018479 -0.601959 0.795916
1742016988.739320 -146.652359 20.454012 5.453976 0.082598 0.100913 -0.430287 0.893223
1742016989.739763 -146.143494 19.523296 5.683163 0.016603 0.057881 -0.409334 0.910395
1742016990.773551 -145.544556 18.692884 5.826952 0.049032 0.061012 -0.314034 0.946180
1742016991.807355 -144.756699 17.953867 5.862782 0.025745 0.101528 -0.284977 0.952794
1742016992.874511 -143.945023 17.212967 5.916760 0.014633 0.079814 -0.260512 0.962055
1742016993.908281 -143.110245 16.497931 5.935821 0.048978 0.094308 -0.266403 0.957986
1742016994.942079 -142.324463 15.932460 5.929786 -0.008214 0.083823 -0.214693 0.973043
1742016995.942582 -141.535507 15.368617 5.883602 0.001733 0.099683 -0.193694 0.975983
1742016996.943065 -140.665482 14.885845 5.714896 0.010376 0.056206 -0.029666 0.997924
1742016997.976853 -139.452347 14.460482 5.519139 -0.007658 0.084924 -0.038017 0.995633
1742016999.010655 -138.356140 13.979267 5.432444 -0.006527 0.076639 0.012373 0.996961
1742017000.077780 -137.233261 13.596291 5.276461 0.012393 0.110666 0.013688 0.993686
1742017001.144905 -136.292389 13.300782 5.140854 0.033157 0.057218 -0.001335 0.997810
1742017002.178686 -135.445953 12.870335 4.945549 0.021609 0.104478 -0.157047 0.981811
1742017003.212468 -134.493622 12.271954 4.907400 0.112046 -0.007455 -0.248826 0.962017
1742017004.212901 -134.068100 11.913744 4.867803 0.091414 0.009210 -0.358176 0.929122
1742017005.213322 -133.362137 11.584305 4.785475 0.096580 -0.007526 -0.291664 0.951603
1742017006.247077 -132.279541 11.103334 4.674055 0.094372 0.012203 -0.227606 0.969093
1742017007.247489 -131.087387 10.724294 4.591489 0.045655 0.067005 -0.135389 0.987469
1742017008.247944 -130.018982 10.379770 4.595741 0.035757 0.080890 -0.119385 0.988901
1742017009.315063 -129.075287 10.142763 4.579096 0.010727 0.123670 -0.122031 0.984733
1742017010.315481 -128.073685 9.838537 4.649428 -0.037401 0.071005 -0.114377 0.990191
1742017011.315983 -127.101952 9.414145 4.810036 -0.009070 0.029952 -0.126186 0.991513
1742017012.316477 -126.230675 9.034976 4.870116 0.001078 0.048598 -0.168574 0.984490
1742017013.316903 -125.459747 8.719941 4.891465 0.018713 0.071664 -0.134474 0.988145
1742017014.350708 -124.703529 8.442741 4.833467 0.022243 0.098993 -0.147596 0.983830
1742017015.351136 -123.954865 8.259015 4.819125 -0.010755 0.095211 -0.099243 0.990439
1742017016.418308 -123.020386 8.059148 4.880122 -0.016995 0.062432 -0.054365 0.996423
1742017017.485440 -122.038155 7.813224 4.911223 0.015492 0.044557 -0.027381 0.998511
1742017018.552546 -121.159996 7.603599 5.064970 0.015836 -0.005789 -0.114634 0.993265
1742017019.553022 -120.250893 7.496827 5.159974 0.007550 0.031327 -0.050098 0.998224
1742017020.553590 -119.431839 7.442981 5.294729 0.003989 0.045309 0.013110 0.998879
1742017021.589784 -118.678108 7.449009 5.387160 -0.022651 0.035403 0.047454 0.997989
1742017022.589941 -117.853165 7.374970 5.500311 -0.024299 0.051669 0.085832 0.994672
1742017023.590095 -116.997276 7.273834 5.634522 -0.002358 0.066780 0.038700 0.997014
1742017024.623605 -116.259712 7.358344 5.673474 0.024087 0.133747 0.084217 0.987137
1742017025.623766 -115.281532 7.212138 5.648968 0.014092 0.116522 0.023299 0.992815
1742017026.623917 -114.297333 6.965317 5.666007 0.010711 0.119742 -0.035919 0.992097
1742017027.657463 -113.387428 6.727771 5.590034 0.015192 0.150124 -0.076310 0.985601
1742017028.657657 -112.676605 6.582160 5.540623 0.010908 0.154873 -0.098310 0.982970
1742017029.691165 -111.794304 6.259127 5.547245 0.012264 0.108256 -0.097634 0.989241
1742017030.724705 -110.911919 5.521848 5.505713 0.076320 0.039964 -0.279778 0.956192
1742017031.758264 -109.975151 4.796618 5.549346 0.071995 0.023091 -0.402724 0.912194
1742017032.758506 -109.168343 4.229576 5.681224 0.035663 0.071890 -0.337220 0.937999
1742017033.825372 -108.450531 3.661831 5.737249 0.032660 0.101761 -0.316359 0.942600
1742017034.825550 -107.813034 2.930036 5.816632 0.052852 0.089970 -0.272779 0.956402
1742017035.892440 -107.001877 2.243458 5.869585 0.040747 0.081540 -0.191583 0.977234
1742017036.893144 -106.244804 1.711518 5.921590 0.010421 0.120761 -0.167963 0.978313
1742017038.061168 -105.342941 1.181168 5.899970 0.008273 0.082198 -0.136016 0.987256
1742017039.094970 -104.488876 0.687576 5.854356 0.000217 0.116023 -0.113318 0.986761
1742017040.095448 -103.945915 0.305302 5.832689 0.005469 0.136905 -0.080116 0.987324
1742017041.095949 -103.292351 -0.003147 5.860746 0.002620 0.109787 -0.141104 0.983885
1742017042.096385 -102.761703 -0.222775 5.881793 -0.001603 0.079263 -0.110605 0.990697
1742017043.130128 -102.329201 -0.318702 5.851284 0.026657 0.120939 -0.124075 0.984514
1742017044.163894 -101.827950 -0.534416 5.819062 0.024878 0.126159 -0.098430 0.986801
1742017045.164302 -101.023575 -0.795568 5.830957 0.037849 0.103126 -0.060653 0.992096
1742017046.164722 -100.058983 -1.222173 5.821855 0.011679 0.105742 -0.113190 0.987861
1742017047.233600 -99.021515 -1.628307 5.792474 0.008455 0.097325 -0.154271 0.983187
1742017048.268011 -98.012337 -2.008894 5.767597 0.010369 0.104313 -0.156642 0.982077
1742017049.303426 -96.963310 -2.372750 5.761956 -0.000573 0.100060 -0.064085 0.992915
1742017050.338477 -95.870415 -2.678234 5.752403 -0.021631 0.075860 0.023524 0.996606
1742017051.338676 -94.763939 -2.802492 5.762534 0.001123 0.091458 0.128828 0.987440
1742017052.371772 -93.486443 -2.850193 5.720487 -0.006383 0.065969 0.079694 0.994614
1742017053.404829 -92.252480 -3.267999 5.672457 0.020173 0.091407 -0.192565 0.976809
1742017054.437929 -91.091148 -3.618096 5.681730 0.011920 0.093337 -0.053305 0.994135
1742017055.504340 -89.805992 -3.922606 5.724376 -0.002570 0.071881 -0.017420 0.997258
1742017056.537466 -88.639450 -4.316897 5.668946 0.028176 0.116635 -0.131264 0.984059
1742017057.570625 -87.619461 -4.830132 5.627181 0.022092 0.107607 -0.172877 0.978798
1742017058.603742 -86.478394 -5.219466 5.670429 0.037083 0.055123 -0.165993 0.983887
1742017061.269836 -83.190704 -5.826678 5.655174 0.018603 0.085997 0.080491 0.992864
1742017062.336262 -81.820129 -6.235960 5.635765 -0.021269 0.078158 0.015510 0.996593
1742017063.370529 -80.391472 -6.594398 5.576055 -0.015968 0.049120 0.009171 0.998623
1742017064.370864 -79.120583 -6.884938 5.690643 0.009614 0.085312 0.015383 0.996189
1742017065.372058 -77.910484 -7.115562 5.707740 -0.005731 0.070411 0.050633 0.996216
1742017066.406691 -76.809708 -7.354450 5.690862 -0.004199 0.065425 0.041608 0.996981
1742017067.407295 -76.217621 -7.444554 5.661601 -0.009111 0.067114 -0.011229 0.997641
1742017068.407844 -75.844925 -7.792043 5.501346 -0.048329 0.108537 0.110686 0.986728
1742017069.475007 -75.241570 -8.010040 5.492980 0.001336 0.116951 0.022082 0.992891
1742017070.475474 -74.581863 -7.979822 5.350158 0.010288 0.113938 0.107083 0.987647
1742017071.509259 -73.429176 -8.080635 5.127164 -0.046712 0.124553 0.109327 0.985065
1742017072.509709 -72.293762 -8.087675 4.983889 -0.051916 0.109266 0.135049 0.983426
1742017073.545910 -71.141068 -7.976285 4.835955 -0.049495 0.087739 0.195873 0.975441
1742017074.546277 -70.018448 -7.729192 4.732778 -0.035304 0.062632 0.216348 0.973665
1742017075.579825 -68.845963 -7.422086 4.690421 -0.031394 0.080733 0.149519 0.984957
1742017076.713343 -67.526596 -7.227459 4.661342 -0.013995 0.107981 0.104355 0.988562
1742017077.780209 -66.230652 -6.961939 4.685866 -0.012128 0.122494 0.185563 0.974892
1742017078.780410 -65.146187 -6.515256 4.662094 -0.021181 0.106284 0.265920 0.957884
1742017079.780565 -63.945332 -6.178200 4.690420 -0.004933 0.065016 0.236661 0.969402
1742017080.780712 -62.697250 -5.977583 4.721377 0.007721 0.108182 0.095971 0.989458
1742017081.847532 -61.494762 -5.989738 4.788625 0.021843 0.099616 -0.010316 0.994733
1742017082.881039 -60.444641 -6.145155 4.782676 0.025253 0.083412 -0.082191 0.992799
1742017083.881214 -59.366093 -6.518146 4.912826 0.056403 0.097267 -0.106668 0.987917
1742017084.914753 -58.281166 -6.807949 4.907889 0.024816 0.116275 -0.060367 0.991070
1742017085.948270 -57.266647 -7.462125 5.051440 0.045000 0.081022 -0.224375 0.970086
1742017087.015129 -56.565956 -8.305442 5.138191 0.079529 0.107617 -0.294004 0.946391
1742017088.015321 -55.968849 -9.018585 5.242435 0.053657 0.132559 -0.193966 0.970529
1742017089.049464 -55.150150 -9.695113 5.394885 0.045340 0.089697 -0.125067 0.987045
1742017090.050675 -54.286579 -10.160747 5.515584 0.030518 0.085746 -0.102430 0.990568
1742017091.084491 -53.382328 -10.515439 5.545164 0.020858 0.085526 -0.029546 0.995679
1742017092.119507 -52.401562 -10.941232 5.697807 0.017426 0.078868 -0.034555 0.996134
1742017093.154498 -51.344803 -11.268954 5.830503 0.018650 0.100537 0.013367 0.994669
1742017094.154803 -50.252663 -11.484502 6.099925 0.017705 0.059896 0.083655 0.994535
1742017095.155083 -49.298046 -11.485154 6.419028 0.036031 0.063501 0.091075 0.993164
1742017096.188585 -48.292397 -11.567678 6.645701 0.017445 0.096524 0.042246 0.994281
1742017097.222079 -47.370605 -11.790192 6.938475 0.015160 0.094653 -0.038121 0.994665
1742017098.222271 -46.419460 -12.062201 7.221362 0.027665 0.048372 -0.035906 0.997800
1742017099.255810 -45.546417 -12.496665 7.441133 0.039438 0.052094 -0.154695 0.985799
1742017100.289313 -44.670918 -12.929220 7.634850 0.048098 0.044363 -0.197564 0.978104
1742017101.322827 -43.703373 -13.581091 7.768049 0.016822 0.069448 -0.293286 0.953351
1742017102.322976 -42.888859 -14.046720 7.904240 0.051926 0.114732 -0.242255 0.962005
1742017103.323133 -42.244190 -14.654116 8.053980 0.044091 0.124952 -0.244138 0.960645
1742017104.356626 -41.567787 -15.155623 8.193769 0.049354 0.127832 -0.175964 0.974813
1742017105.390125 -40.794437 -15.836525 8.361300 0.038425 0.093869 -0.163595 0.981300
1742017106.390270 -40.019806 -16.379475 8.542532 0.032779 0.084832 -0.062553 0.993889
1742017107.423801 -39.139610 -16.972334 8.689664 0.033125 0.098706 -0.130687 0.985942
1742017108.425182 -38.325642 -17.660273 8.905648 0.021161 0.075681 -0.204441 0.975719
1742017109.425892 -37.642464 -18.256367 9.028025 0.033685 0.073750 -0.073192 0.994017
1742017110.426394 -36.746132 -18.879370 9.058702 0.008736 0.075037 0.013444 0.997052
1742017111.493519 -35.748108 -19.217928 8.975461 -0.004886 0.075049 0.096600 0.992478
1742017112.493983 -34.779274 -19.491922 8.937532 -0.036408 0.124475 0.156305 0.979158
1742017113.527738 -33.880909 -19.512211 8.896817 -0.060432 0.091613 0.281336 0.953313
1742017114.561514 -32.923267 -19.461958 8.827393 -0.030749 0.101093 0.281966 0.953588
1742017115.595358 -31.959202 -19.296244 8.712059 -0.069866 0.125165 0.309446 0.940051
1742017116.595784 -30.995569 -19.031311 8.491911 -0.073121 0.071639 0.312027 0.944542
1742017117.629575 -30.413055 -18.743084 8.221589 -0.070436 0.107557 0.306359 0.943194
1742017118.663361 -29.690136 -18.297409 8.055619 -0.052442 0.081013 0.306174 0.947071
1742017119.663824 -29.094265 -18.065855 8.042571 -0.015666 0.102764 0.420033 0.901535
1742017120.730936 -29.002491 -17.906197 7.975451 -0.034601 0.117136 0.472711 0.872712
1742017121.731345 -28.909046 -17.621908 7.916211 -0.048662 0.101790 0.537848 0.835458
1742017122.798458 -28.563393 -17.381826 7.611980 -0.030453 0.141474 0.316097 0.937625
1742017123.832254 -28.047369 -17.039621 7.498159 -0.034232 0.085506 0.358986 0.928787
1742017124.899994 -27.531086 -16.671474 7.342655 -0.045688 0.051077 0.440322 0.895221
1742017125.902352 -27.003822 -16.352976 7.182072 -0.055889 0.107889 0.390798 0.912422
1742017126.935870 -26.423531 -16.044855 6.993055 -0.056758 0.078589 0.411069 0.906435
1742017127.936044 -26.073971 -15.711887 6.686432 -0.096912 0.115163 0.498180 0.853910
1742017129.002919 -25.626265 -15.308732 6.622045 -0.058252 0.096731 0.533812 0.838030
1742017130.003093 -25.032385 -14.886297 6.412280 -0.070066 0.073317 0.439491 0.892504
1742017131.069987 -24.436718 -14.446490 6.128802 -0.059832 0.044488 0.415819 0.906386
1742017132.070193 -23.900078 -14.137493 5.734114 -0.103823 0.109123 0.435051 0.887718
1742017133.070362 -23.626671 -13.813575 5.710567 -0.122824 0.138331 0.543924 0.818490
1742017134.137241 -23.246466 -13.459845 5.442192 -0.106394 0.134776 0.511938 0.841686
1742017135.170801 -22.894295 -13.135311 5.178202 -0.113618 0.111182 0.454513 0.876440
1742017136.237654 -22.502008 -12.796703 5.050704 -0.111103 0.168020 0.430788 0.879686
1742017137.237821 -21.887711 -12.446354 4.703834 -0.095349 0.085334 0.361191 0.923671
1742017138.338037 -21.358145 -12.122877 4.234750 -0.121761 0.135008 0.392596 0.901563
1742017139.404892 -20.903193 -11.739244 3.990617 -0.090480 0.122898 0.453530 0.878077
1742017140.405119 -20.387312 -11.258580 3.768768 -0.087888 0.134739 0.411098 0.897285
1742017141.439825 -19.910572 -10.858725 3.498978 -0.099122 0.123951 0.459888 0.873678
1742017142.440630 -19.415276 -10.286239 3.177435 -0.082843 0.084037 0.517638 0.847423
1742017143.474401 -19.078720 -9.797098 2.976899 -0.079615 0.111982 0.575671 0.806055
1742017144.508168 -18.560190 -9.392750 2.460922 -0.089699 0.147332 0.461307 0.870312
1742017145.541921 -18.156183 -8.739605 2.316183 -0.107815 0.126974 0.514279 0.841291
1742017146.575681 -17.714676 -8.285598 2.178619 -0.091697 0.126715 0.507237 0.847494
1742017147.645275 -17.147793 -7.821037 1.816309 -0.095934 0.096679 0.519833 0.843341
1742017148.712211 -16.615402 -7.142121 1.706754 -0.067822 0.069360 0.535520 0.838932
1742017149.712457 -16.142138 -6.710532 1.657016 -0.086638 0.100090 0.514279 0.847345
1742017150.781914 -15.248712 -6.459637 1.231742 -0.099506 0.102211 0.377616 0.914909
1742017151.815143 -14.597930 -6.159815 1.165298 -0.079577 0.148581 0.368362 0.914276
1742017152.881695 -14.087207 -5.992549 1.143056 -0.047543 0.180561 0.313257 0.931132
1742017153.948260 -13.446918 -5.813999 0.800600 -0.051742 0.170817 0.293212 0.939240
1742017155.014833 -12.598163 -5.419460 0.711393 -0.069784 0.149581 0.305145 0.937892
1742017156.048077 -11.810869 -5.303078 0.657361 -0.078267 0.163867 0.315841 0.931271
1742017157.114663 -11.318274 -4.932086 0.421945 -0.094029 0.141380 0.391294 0.904467
1742017158.181267 -10.784240 -4.581563 0.347068 -0.093648 0.217127 0.275927 0.931638
1742017159.214577 -10.049941 -4.491044 0.332693 -0.042007 0.156811 0.098562 0.981800
1742017160.281187 -9.504638 -4.586992 0.327373 -0.010745 0.169573 0.036459 0.984784
1742017161.347800 -9.151557 -4.525712 0.283660 -0.028942 0.197896 0.052280 0.978400
1742017188.062618 -8.828379 -4.459977 0.272163 -0.056202 0.196274 0.131684 0.970040
1742017190.096375 -8.770925 -4.376821 0.292689 -0.084602 0.169450 0.209096 0.959379
1742017191.129933 -8.465806 -4.172371 0.261235 -0.046438 0.168024 0.172351 0.969488
1742017192.130124 -7.959694 -4.030325 0.218357 -0.066247 0.158841 0.199111 0.964746
1742017193.164615 -7.328443 -3.792755 0.167765 -0.056345 0.129011 0.206651 0.968234
1742017194.199636 -6.724537 -3.626637 0.156361 -0.075886 0.119807 0.200885 0.969295
1742017195.232942 -6.238140 -3.539582 0.134317 -0.084279 0.132348 0.265532 0.951249
1742017196.299535 -5.835851 -3.173019 0.113893 -0.100062 0.118305 0.398785 0.903860
1742017197.366084 -5.370221 -2.735667 0.079604 -0.104911 0.113405 0.475548 0.866018
1742017198.399358 -4.937793 -2.246423 0.014504 -0.103820 0.123369 0.530980 0.831903
1742017199.466023 -4.455011 -1.643114 -0.108116 -0.092712 0.125480 0.527407 0.835166
1742017200.499288 -4.055190 -1.085677 -0.162022 -0.084282 0.119382 0.474126 0.868245
1742017201.533627 -3.358367 -0.708026 -0.203660 -0.072322 0.180150 0.368624 0.909083
1742017202.567456 -2.618456 -0.428534 -0.195503 -0.078270 0.190285 0.288872 0.934996
1742017203.600946 -1.995692 -0.067728 -0.181838 -0.062694 0.212764 0.306979 0.925508
1742017204.601127 -1.422524 0.167526 -0.137309 -0.058551 0.226238 0.261719 0.936425
1742017205.701316 -0.830355 0.481371 -0.106033 -0.032703 0.182425 0.176714 0.966656
1742017206.734822 -0.346812 0.629721 -0.098036 0.023766 0.180142 -0.086086 0.979578
1742017207.770891 -0.198918 0.979301 -0.102345 0.057853 0.153757 -0.212523 0.963248
1742017208.837541 0.309230 1.333877 -0.113617 -0.006557 0.186237 -0.064315 0.980376
1742017209.838919 0.814028 1.550194 -0.121571 -0.086113 0.221977 0.274619 0.931609
1742017210.839133 1.066818 1.722094 -0.075779 -0.145786 0.192583 0.586023 0.773457
1742017211.872674 0.991868 1.862649 -0.044244 -0.170852 0.127633 0.783431 0.583742
1742017212.906229 1.046833 1.892189 -0.016134 -0.170306 0.089241 0.892860 0.407227
1742017213.906383 0.868156 1.907846 -0.023779 -0.164102 0.049135 0.943072 0.285081
1742017214.939919 0.811727 1.850068 -0.009548 -0.151607 0.016291 0.980480 0.124133
1742017215.940175 0.798319 1.760754 0.008877 -0.122973 -0.002660 0.992373 -0.008133
1742017216.974127 0.762393 1.694573 0.063837 -0.058658 -0.011118 0.994060 -0.090996
1742017219.042951 0.342947 1.905865 -0.055634 -0.151897 -0.021494 0.979716 -0.128927
1742017220.142866 -0.107455 1.919660 -0.107168 -0.154781 -0.019761 0.967811 -0.197471
1742017221.176130 -0.545919 1.970902 -0.155287 -0.140763 -0.046472 0.961688 -0.230612
1742017222.276060 -0.940061 2.084925 -0.220026 -0.157950 -0.040052 0.947138 -0.276363
1742017223.276666 -1.336990 2.185311 -0.294173 -0.212359 -0.030373 0.964214 -0.155799
1742017224.277537 -1.470779 2.505423 -0.336878 -0.247759 0.006254 0.968669 -0.015990
1742017225.344377 -1.636298 2.430620 -0.335501 -0.202889 -0.009440 0.978852 -0.024416
1742017226.377920 -1.564188 2.229167 -0.327152 -0.178924 -0.056002 0.892520 -0.410193
1742017227.411454 -1.365698 1.824321 -0.313914 0.123169 0.099069 -0.763466 0.626206
1742017228.478328 -1.261577 1.291410 -0.272012 0.089507 0.116882 -0.645627 0.749328
1742017229.511869 -1.185987 0.779378 -0.190735 0.089552 0.101838 -0.633922 0.761415
1742017230.545406 -1.068757 0.402219 -0.117179 0.064437 0.121456 -0.595318 0.791639
1742017231.580845 -1.258662 -0.028593 -0.039434 0.065577 0.080007 -0.736074 0.668950
1742017232.614797 -1.883602 -0.325704 -0.039941 -0.079534 -0.070456 0.896749 -0.429594
1742017233.615900 -2.492131 -0.255686 -0.059549 -0.085637 -0.019171 0.965033 -0.247004
1742017234.616394 -3.046247 -0.119832 -0.121126 -0.072891 -0.001785 0.987617 -0.138909
1742017235.650149 -3.636956 0.084569 -0.206976 -0.041360 -0.022884 0.985792 -0.161185
1742017236.650362 -4.113870 0.123486 -0.272331 -0.089597 -0.021313 0.949150 -0.301053
1742017237.650549 -4.539448 -0.071997 -0.286243 -0.091688 -0.040605 0.930882 -0.351289
1742017238.717382 -5.220545 -0.065630 -0.294693 -0.084288 -0.046633 0.965707 -0.241103
1742017239.717503 -5.537737 -0.090834 -0.278865 -0.092132 -0.024876 0.973425 -0.208174
1742017240.784298 -5.751531 -0.590294 -0.303487 -0.108800 -0.054830 0.905532 -0.406409
1742017241.817762 -6.189453 -0.972909 -0.313595 -0.133449 -0.063726 0.855924 -0.495503
1742017242.851280 -6.693542 -1.433435 -0.284655 -0.108617 -0.065277 0.886823 -0.444395
1742017243.884771 -7.116339 -1.767799 -0.185197 -0.091117 -0.043988 0.921625 -0.374661
1742017244.884917 -7.480480 -1.969855 -0.078809 -0.069242 -0.028562 0.940666 -0.330965
1742017245.918426 -7.584003 -2.227986 0.009569 -0.053602 0.005044 0.959849 -0.275302
1742017246.918664 -7.723192 -2.509808 -0.011318 -0.081623 -0.049713 0.937499 -0.334607
1742017247.920330 -7.574664 -2.812126 0.004539 -0.093407 -0.074341 0.893550 -0.432801
1742017248.920747 -7.323274 -2.847350 0.012147 0.091722 0.096389 -0.644299 0.753110
1742017249.987829 -6.752566 -2.890458 -0.002465 0.030496 0.137548 -0.189017 0.971814
1742017250.988561 -6.312153 -2.935295 0.052660 -0.028401 0.135936 0.069077 0.987898
1742017251.991524 -5.848072 -2.951631 0.085644 -0.043586 0.151801 0.248717 0.955613
1742017252.991727 -5.371413 -2.676659 0.050652 -0.082451 0.150845 0.384038 0.907173
1742017253.991924 -4.796858 -2.362687 0.040750 -0.089294 0.101522 0.497033 0.857134
1742017254.992080 -4.224025 -2.016667 -0.004689 -0.090577 0.124632 0.508762 0.847009
1742017255.992268 -3.753992 -1.475703 -0.124795 -0.095017 0.161898 0.473232 0.860705
1742017256.992545 -3.268702 -1.012843 -0.172873 -0.078685 0.177287 0.353070 0.915270
1742017258.026053 -2.658352 -0.750049 -0.146456 -0.057066 0.180415 0.348078 0.918170
1742017259.059571 -1.967362 -0.370969 -0.134198 -0.052013 0.150287 0.389675 0.907117
1742017260.126455 -1.240620 0.030405 -0.039119 -0.079098 0.101157 0.395877 0.909281
1742017261.126670 -0.701219 0.269850 0.000838 -0.074499 0.141064 0.460252 0.873338
1742017262.126806 -0.235459 0.547015 0.005703 -0.078609 0.140629 0.450802 0.877964
1742017263.160272 0.421652 0.946082 -0.037637 -0.062107 0.165034 0.440446 0.880292
1742017264.160441 1.389296 1.221635 -0.010816 -0.026564 0.119554 0.276675 0.953128
1742017265.160655 2.118021 0.990389 0.024532 -0.000721 0.095445 0.003369 0.995429
1742017266.194144 2.639095 0.360631 0.079875 -0.001066 0.119877 0.031895 0.992276
1742017267.228899 2.820232 -0.152718 0.059413 -0.037503 0.137986 0.265240 0.953520
1742017268.265248 2.799918 -0.347224 -0.235139 -0.077386 0.184520 0.502606 0.841042
1742017269.265392 2.607000 -0.460179 -0.350820 -0.080877 0.100478 0.591731 0.795750
1742017270.298882 2.553577 -0.434656 -0.417790 -0.145592 0.137252 0.599487 0.774971
1742017288.005057 2.641011 -0.308310 0.004540 -0.129990 0.167648 0.534789 0.817923
1742017290.074687 2.733585 0.270653 0.046529 -0.135875 0.095179 0.685720 0.708708
1742017291.108176 2.661913 1.008007 0.029568 -0.137703 0.052454 0.812480 0.564059
1742017292.141729 2.224479 1.416613 -0.012355 -0.197314 0.034781 0.945515 0.256631
1742017293.141905 1.617076 1.673410 -0.025344 -0.161660 0.015019 0.981559 0.100906
1742017294.176009 0.832458 1.986010 -0.067351 -0.151704 0.008536 0.984625 0.086178
1742017295.178085 0.115600 2.439333 -0.141870 -0.149741 -0.010272 0.980011 0.130577
1742017296.311326 -0.683946 3.098406 -0.257390 -0.154233 0.003392 0.969484 0.190528
1742017297.344606 -1.440985 3.705448 -0.322458 -0.153682 0.009505 0.963791 0.217711
1742017298.377862 -2.217325 4.304059 -0.371445 -0.142977 0.027432 0.971260 0.188306
1742017299.444428 -3.009842 5.024523 -0.442111 -0.133375 -0.008773 0.973094 0.187674
1742017300.512431 -3.805704 5.618211 -0.496435 -0.152346 -0.017874 0.984603 0.083829
1742017301.646682 -4.672238 6.171146 -0.497707 -0.163654 -0.022596 0.984334 0.061588
1742017302.679736 -5.524994 6.613080 -0.526792 -0.134244 0.007263 0.978486 0.156495
1742017303.746122 -6.230734 7.104915 -0.577581 -0.153386 0.060522 0.933629 0.318035
1742017304.747637 -6.454186 7.499827 -0.611242 -0.103781 0.123961 0.704756 0.690784
1742017305.748055 -6.470098 7.593382 -0.667563 -0.052174 0.164934 0.490879 0.853881
1742017306.814504 -6.636024 7.587160 -0.829021 -0.084565 0.202527 0.529952 0.819135
1742017307.881009 -6.533640 7.711436 -0.727167 -0.084337 0.174966 0.481457 0.854677
1742017308.914181 -6.749254 7.692159 -0.901939 -0.087935 0.161318 0.542370 0.819804
