#timestamp x y z qx qy qz qw
1742016755.849736 -0.000337 -0.013597 -0.009785 0.197002 0.183916 -0.678370 0.683505
1742016757.943637 -0.126895 0.010289 0.009306 0.195379 0.120353 -0.756039 0.612982
1742016759.007386 -0.487889 0.257576 0.020099 -0.184585 -0.081922 0.886688 -0.415934
1742016760.036739 -0.864357 0.488839 -0.001093 -0.184041 -0.024278 0.965562 -0.182290
1742016761.036909 -1.195949 0.811822 -0.033187 -0.189873 -0.035273 0.975810 -0.102463
1742016762.037653 -1.595299 1.009894 -0.079473 -0.188037 -0.006283 0.982046 0.013741
1742016763.072353 -2.057912 1.272409 -0.178227 -0.194758 -0.023556 0.980349 -0.020762
1742016764.106852 -2.624250 1.381577 -0.250267 -0.189935 -0.064519 0.964357 -0.172561
1742016765.107260 -3.299059 1.243012 -0.306323 -0.172904 -0.067389 0.943942 -0.273014
1742016766.141239 -3.953603 0.901751 -0.331134 -0.162136 -0.095336 0.910849 -0.367391
1742016767.141610 -4.564048 0.484495 -0.340964 -0.164849 -0.099685 0.883064 -0.427886
1742016768.142016 -5.135258 -0.089507 -0.351737 -0.182377 -0.094191 0.868962 -0.450302
1742016769.142399 -5.631584 -0.704828 -0.293141 0.149763 0.081192 -0.842606 0.510875
1742016770.176141 -6.168250 -1.319377 -0.239971 0.143378 0.084649 -0.842624 0.512115
1742016771.209866 -6.778162 -1.969338 -0.178069 -0.131263 -0.074116 0.855562 -0.495269
1742016772.276969 -7.399902 -2.671230 -0.066299 -0.156575 -0.052546 0.893133 -0.418375
1742016773.344109 -8.015187 -3.137007 0.078397 -0.143640 -0.040817 0.920553 -0.360949
1742016774.377876 -8.726443 -3.511340 0.220771 -0.130322 -0.021817 0.952097 -0.275774
1742016775.411641 -9.476192 -3.932284 0.316147 -0.095312 -0.027760 0.962454 -0.252641
1742016776.445416 -10.236736 -4.324049 0.349265 -0.065583 -0.042366 0.944480 -0.319159
1742016777.479280 -11.115504 -4.666422 0.453897 -0.067359 -0.044027 0.943600 -0.321160
1742016778.513090 -12.066494 -4.997260 0.535451 -0.039907 -0.029595 0.954927 -0.292655
1742016779.546905 -12.852550 -5.371308 0.757259 -0.045283 -0.046031 0.958074 -0.279150
1742016780.580685 -13.676374 -5.745527 0.808800 -0.065422 -0.026075 0.976391 -0.204207
1742016781.614465 -14.459191 -5.992660 0.933214 -0.058842 -0.031208 0.974812 -0.212853
1742016782.614901 -15.058933 -6.203549 1.156829 -0.077937 -0.028514 0.956606 -0.279317
1742016783.648683 -15.817568 -6.513221 1.222650 -0.079801 -0.048517 0.923441 -0.372202
1742016784.649118 -16.415367 -6.886735 1.313003 -0.090952 -0.050702 0.932772 -0.345100
1742016785.649545 -16.781433 -7.148851 1.590869 -0.100226 -0.059946 0.914037 -0.388455
1742016786.683331 -17.427792 -7.652152 1.663133 -0.076595 -0.059788 0.902758 -0.419030
1742016787.683771 -17.872810 -8.120444 1.807993 -0.079409 -0.041751 0.903860 -0.418315
1742016788.684211 -18.245424 -8.485630 2.100285 -0.089010 -0.049865 0.884746 -0.454770
1742016789.684684 -18.640669 -9.023476 2.242119 -0.048864 -0.056975 0.878847 -0.471162
1742016790.719815 -19.050056 -9.505982 2.353639 -0.053120 -0.058575 0.874517 -0.478506
1742016791.754863 -19.412836 -9.925010 2.534678 -0.058693 -0.054548 0.916946 -0.390883
1742016792.755046 -19.737597 -10.281965 2.824651 -0.089216 -0.042658 0.917824 -0.384474
1742016793.788565 -20.192038 -10.624373 2.980534 -0.063470 -0.045134 0.909039 -0.409368
1742016794.822100 -20.576527 -10.916785 3.321135 -0.082144 -0.039733 0.920981 -0.378772
1742016795.855629 -21.127649 -11.178895 3.471189 -0.073308 -0.037055 0.926639 -0.366870
1742016796.889148 -21.567240 -11.516436 3.730695 -0.098256 -0.044254 0.915493 -0.387634
1742016797.889325 -21.796522 -11.697660 3.793575 -0.101663 -0.063519 0.925990 -0.358013
1742016798.889511 -22.216476 -12.045246 3.919286 -0.102982 -0.049521 0.928613 -0.353017
1742016799.923012 -22.607201 -12.238864 4.292033 -0.097549 -0.045107 0.949617 -0.294409
1742016800.956528 -22.980127 -12.417456 4.420720 -0.099622 -0.035723 0.917577 -0.383213
1742016801.990026 -23.417980 -12.730403 4.718836 -0.113904 -0.050581 0.913193 -0.388003
1742016802.990187 -23.821810 -12.996945 5.064387 -0.120241 -0.073122 0.898704 -0.415362
1742016804.023683 -24.280359 -13.484844 5.325561 -0.096831 -0.075402 0.913619 -0.387605
1742016805.023819 -24.874914 -13.901030 5.635239 -0.122441 -0.075393 0.911758 -0.384735
1742016806.057340 -25.292639 -14.262107 5.717502 -0.122541 -0.077528 0.923901 -0.354091
1742016807.092221 -25.710661 -14.470767 6.026680 -0.138195 -0.055196 0.904889 -0.398787
1742016808.126231 -26.327404 -14.935514 6.263927 -0.064945 -0.065432 0.910163 -0.403862
1742016809.126643 -26.983669 -15.344987 6.545872 -0.080399 -0.053311 0.904528 -0.415360
1742016810.160457 -27.426880 -15.689507 6.632907 -0.095620 -0.060444 0.908853 -0.401485
1742016811.194246 -27.834627 -15.949220 6.938580 -0.060844 -0.072038 0.903143 -0.418857
1742016812.194692 -28.255205 -16.442837 7.123645 -0.088938 -0.095802 0.895276 -0.425902
1742016813.261818 -28.975872 -16.943726 7.225520 -0.044800 -0.045986 0.919067 -0.388837
1742016814.295609 -29.470669 -17.317682 7.553572 -0.097783 -0.059470 0.932804 -0.341729
1742016815.296059 -30.100128 -17.803026 7.723579 -0.043019 -0.043843 0.932486 -0.355946
1742016816.296622 -30.895800 -18.239498 7.904418 -0.067506 -0.050573 0.942371 -0.323763
1742016817.332835 -31.413782 -18.557243 8.221341 -0.100228 -0.056965 0.922620 -0.368077
1742016818.333089 -32.056870 -18.637535 8.365018 -0.080975 -0.077109 0.925289 -0.362405
1742016819.367358 -32.768173 -18.839931 8.522892 -0.105456 -0.063691 0.915194 -0.383722
1742016820.367500 -33.594955 -18.855625 8.671394 -0.101405 -0.050448 0.949917 -0.291254
1742016821.400917 -34.434521 -18.721928 8.759296 -0.081015 -0.033052 0.973310 -0.212158
1742016822.400998 -35.233242 -18.466576 8.787542 -0.118657 -0.016986 0.992526 -0.022895
1742016823.434430 -36.041615 -18.052557 8.841354 -0.119741 0.005231 0.987922 0.098206
1742016824.434539 -36.677635 -17.648167 8.874799 -0.137988 0.007485 0.986041 0.092878
1742016825.434978 -37.238148 -17.206856 8.852896 -0.157778 0.033585 0.970728 0.177949
1742016826.470669 -37.866543 -16.505693 8.818332 -0.151630 0.015398 0.968793 0.195477
1742016827.503856 -38.468040 -15.901350 8.827683 -0.121022 0.000452 0.990408 0.066675
1742016828.570363 -39.044029 -15.566882 8.815991 -0.131536 -0.019519 0.990313 0.039957
1742016829.603544 -39.660172 -15.280795 8.618279 -0.120039 0.015564 0.988034 0.095585
1742016830.636733 -40.449543 -14.792081 8.451649 -0.114291 -0.000025 0.982230 0.148870
1742016831.703232 -41.101624 -14.252827 8.339085 -0.092696 0.007968 0.977982 0.186804
1742016832.737014 -41.877663 -13.666115 8.227396 -0.089316 -0.018385 0.972014 0.216505
1742016833.771225 -42.593651 -13.079775 8.134645 -0.108014 -0.003353 0.966866 0.231284
1742016834.804900 -43.301620 -12.601052 7.989707 -0.098423 -0.006899 0.975403 0.197114
1742016835.871975 -44.124252 -12.093949 7.873155 -0.115481 -0.036056 0.984713 0.125315
1742016836.872171 -44.837955 -11.726501 7.686571 -0.119701 -0.028840 0.987938 0.093903
1742016837.872334 -45.580173 -11.294331 7.590189 -0.100089 -0.033380 0.985017 0.136415
1742016838.872476 -46.355350 -11.009355 7.385904 -0.106671 -0.028843 0.990312 0.084096
1742016839.905984 -46.971039 -10.815974 7.187654 -0.120077 -0.027744 0.992337 0.008936
1742016840.906161 -47.589169 -10.641641 7.086372 -0.138209 -0.022509 0.989544 0.034571
1742016841.907232 -48.209232 -10.463612 6.884561 -0.131242 -0.010755 0.990878 0.028662
1742016842.941587 -48.761181 -10.349586 6.766574 -0.166588 -0.014626 0.985129 0.039437
1742016843.942020 -49.158630 -10.257393 6.583243 -0.150485 -0.032846 0.985496 -0.071231
1742016844.942439 -49.796700 -10.271430 6.356460 -0.125433 -0.033671 0.988203 -0.081162
1742016845.976211 -50.492226 -10.110904 6.262081 -0.151502 -0.024580 0.988082 0.011682
1742016846.976645 -51.244667 -9.801417 6.114362 -0.082996 -0.052302 0.994931 -0.022081
1742016847.977092 -51.822430 -9.546712 5.890962 -0.140615 -0.048545 0.985908 -0.076531
1742016849.010893 -52.465031 -9.517179 5.744519 -0.126067 -0.018257 0.991428 0.029060
1742016850.046635 -53.200565 -9.364249 5.633786 -0.131541 -0.006755 0.985453 0.107394
1742016851.047681 -53.840656 -9.183846 5.533167 -0.164965 -0.009343 0.980438 0.106959
1742016852.081193 -54.469021 -8.873277 5.466559 -0.152950 0.000208 0.982068 0.110221
1742016853.114729 -55.169998 -8.390568 5.412320 -0.143521 0.000663 0.972088 0.185596
1742016854.148233 -55.805717 -7.842673 5.312669 -0.161940 0.049554 0.932915 0.317789
1742016855.215066 -56.409962 -7.215726 5.211164 -0.176619 0.062246 0.917446 0.351032
1742016856.248586 -57.052624 -6.538105 5.085395 -0.130601 0.031932 0.910812 0.390313
1742016857.282095 -57.661400 -5.925053 4.962717 -0.174463 0.035903 0.910894 0.372217
1742016858.348956 -58.328392 -5.463112 4.932673 -0.201924 -0.010958 0.958573 0.200610
1742016859.349185 -59.171513 -5.145525 4.877637 -0.105272 -0.027544 0.989304 0.097140
1742016860.382704 -60.143288 -4.860374 4.804134 -0.145609 -0.015221 0.982990 0.110893
1742016861.416184 -61.189743 -4.600726 4.752148 -0.146562 -0.020913 0.982515 0.112898
1742016862.449674 -62.276814 -4.444435 4.706614 -0.158515 -0.044253 0.986356 -0.004043
1742016863.449826 -63.203636 -4.437801 4.662920 -0.149586 -0.061890 0.981762 -0.099680
1742016864.449995 -64.153679 -4.490324 4.558517 -0.170871 -0.065315 0.969041 -0.165819
1742016865.483736 -65.142059 -4.660188 4.545756 -0.157588 -0.063165 0.974565 -0.146281
1742016866.485328 -66.093231 -4.873112 4.545079 -0.182680 -0.065203 0.963866 -0.182588
1742016867.486176 -67.053497 -5.146461 4.494002 -0.188358 -0.059311 0.954380 -0.223969
1742016868.522140 -67.991402 -5.541550 4.522487 -0.176472 -0.079718 0.947829 -0.253223
1742016869.555650 -68.922897 -5.993092 4.518641 -0.180895 -0.064627 0.949977 -0.246262
1742016870.622497 -69.972519 -6.451309 4.521286 -0.145947 -0.059307 0.971473 -0.177267
1742016871.656009 -70.962822 -6.718796 4.582762 -0.183185 -0.037878 0.975947 -0.111961
1742016872.656183 -71.967484 -6.809042 4.654441 -0.165786 -0.003451 0.983157 -0.076845
1742016873.689689 -72.978752 -6.846976 4.801435 -0.158272 -0.005937 0.986968 -0.028432
1742016874.723198 -73.968719 -6.717320 4.925826 -0.145067 0.008840 0.989306 -0.012270
1742016875.756729 -74.871109 -6.597345 5.097501 -0.130985 -0.011472 0.991146 -0.018479
1742016876.790244 -75.473984 -6.571293 5.277615 -0.092365 0.008638 0.994071 -0.056722
1742016877.790432 -75.920288 -6.612612 5.335989 -0.103349 -0.023340 0.987688 -0.115098
1742016878.857330 -76.351097 -6.676230 5.331228 -0.106370 0.030463 0.993460 -0.028196
1742016879.890864 -76.579399 -6.552490 5.394670 -0.140950 0.015363 0.975409 0.168744
1742016880.891049 -76.915382 -6.049769 5.497940 -0.145141 -0.011692 0.977731 0.151131
1742016881.891225 -77.556274 -5.878387 5.545084 -0.159019 0.001250 0.985951 0.051100
1742016882.924749 -78.424049 -5.656391 5.565425 -0.120153 -0.016549 0.992591 0.007229
1742016883.925798 -79.221909 -5.469569 5.559191 -0.126313 -0.029678 0.990334 -0.049018
1742016884.993511 -79.880043 -5.445689 5.519227 -0.140669 -0.025767 0.989637 -0.012911
1742016886.060675 -80.268211 -5.453648 5.504725 -0.154239 -0.010209 0.987641 0.025916
1742016891.329723 -80.692024 -5.388921 5.477493 -0.132677 -0.010310 0.990399 -0.037423
1742016892.363491 -81.258644 -5.324416 5.438600 -0.129155 -0.007354 0.991593 -0.003005
1742016893.397260 -82.130524 -5.073919 5.516390 -0.126094 0.020557 0.988911 0.075720
1742016894.397722 -83.092453 -4.773322 5.557863 -0.115960 0.007319 0.990889 0.068107
1742016895.431497 -84.102364 -4.512054 5.598249 -0.111942 -0.005883 0.992274 0.053166
1742016896.431920 -84.941162 -4.307945 5.572837 -0.112909 0.002282 0.993368 0.021614
1742016897.465687 -85.526718 -4.157614 5.550539 -0.148519 -0.006801 0.985934 0.076351
1742016898.466123 -86.323204 -3.888438 5.567100 -0.129275 -0.021816 0.989810 0.055577
1742016899.466568 -87.377434 -3.579222 5.609747 -0.102161 -0.023294 0.993240 0.049953
1742016900.500381 -88.380074 -3.253025 5.665485 -0.097210 0.005221 0.992991 0.067014
1742016901.534251 -89.306824 -2.960164 5.632956 -0.116512 -0.005294 0.991903 0.050246
1742016902.568059 -90.123283 -2.802557 5.626383 -0.128502 0.001334 0.991004 0.037372
1742016903.601851 -90.642006 -2.695449 5.649086 -0.128437 -0.001838 0.991437 0.023522
1742016904.602244 -90.740456 -2.642526 5.637244 -0.136904 -0.000483 0.989190 0.052531
1742016906.669825 -90.881691 -2.561109 5.602793 -0.158121 -0.003369 0.983075 0.092467
1742016907.737880 -91.178978 -2.423220 5.604725 -0.159413 0.003114 0.983006 0.090983
1742016908.773221 -91.515190 -2.449509 5.601063 -0.173382 0.010353 0.979677 0.100325
1742016909.806733 -91.856354 -2.355989 5.600955 -0.167729 0.007460 0.982478 0.080925
1742016910.840253 -92.510132 -2.105914 5.668207 -0.120089 0.024778 0.991636 0.040295
1742016911.873766 -93.238708 -1.875555 5.752489 -0.092179 0.000647 0.995699 0.009304
1742016913.073934 -94.137321 -1.865421 5.742141 -0.124115 0.028043 0.991315 -0.033219
1742016914.074078 -95.068840 -1.854688 5.775849 -0.097845 0.011390 0.995013 -0.015698
1742016915.074258 -96.080238 -1.643466 5.788594 -0.092272 0.013128 0.986021 0.138115
1742016916.107774 -97.064354 -1.410765 5.803749 -0.111922 0.002882 0.988109 0.105381
1742016917.107988 -98.078766 -1.046674 5.782426 -0.079086 -0.008910 0.991558 0.102365
1742016918.108182 -99.023865 -0.576976 5.851908 -0.086285 0.005757 0.985449 0.146330
1742016919.141719 -99.982018 -0.200180 5.823596 -0.106666 0.002284 0.985644 0.130859
1742016920.175234 -100.965576 0.168031 5.857543 -0.117087 -0.001682 0.982972 0.141611
1742016921.175387 -101.972122 0.544340 5.839255 -0.119671 0.009353 0.985759 0.117775
1742016922.177595 -102.927193 0.983909 5.891038 -0.118026 0.002861 0.982905 0.141276
1742016923.211481 -103.973160 1.456803 5.923388 -0.131616 0.005601 0.979750 0.150783
1742016924.212664 -105.081604 1.945486 5.907694 -0.107300 0.000974 0.972643 0.206039
1742016925.247168 -106.075844 2.432384 5.941700 -0.126337 0.034415 0.960559 0.245316
1742016926.247425 -106.930275 2.932603 5.977650 -0.117758 0.000111 0.967879 0.222134
1742016927.280884 -107.743431 3.640763 5.985238 -0.124244 0.013671 0.962633 0.240239
1742016928.280989 -108.561378 4.384291 5.952584 -0.093325 -0.017083 0.960677 0.260958
1742016929.314396 -109.376869 5.172178 5.887004 -0.115679 0.020432 0.954125 0.275403
1742016930.314476 -110.136948 5.881951 5.865878 -0.112024 0.007685 0.954761 0.275360
1742016931.347903 -110.973434 6.628228 5.719902 -0.107724 -0.019994 0.959157 0.260795
1742016932.381346 -112.005882 7.187831 5.687257 -0.107157 -0.018647 0.977430 0.181107
1742016933.383785 -112.854065 7.511049 5.730088 -0.135394 -0.013965 0.985733 0.099015
1742016934.386116 -113.767960 7.845483 5.761322 -0.105149 -0.017858 0.988745 0.104921
1742016935.419202 -114.796585 8.086265 5.784211 -0.112993 0.012995 0.993024 0.031098
1742016936.452155 -115.822769 8.162690 5.771686 -0.107819 -0.017864 0.993964 -0.009622
1742016937.485206 -116.835701 8.217385 5.764019 -0.107134 -0.001835 0.993682 -0.033380
1742016938.486411 -117.746689 8.297203 5.748528 -0.112038 0.032506 0.993126 -0.009550
1742016939.519634 -118.670731 8.328794 5.627971 -0.072512 0.038194 0.996535 0.014197
1742016940.586207 -119.644386 8.238385 5.410660 -0.113020 0.012290 0.993401 -0.015198
1742016941.619849 -120.487785 8.197561 5.270236 -0.123744 0.012032 0.991673 -0.033589
1742016942.653103 -121.385468 8.398338 5.101336 -0.129228 0.010738 0.988313 0.080139
1742016943.686368 -122.323402 8.628199 4.967248 -0.131023 0.009012 0.985255 0.109652
1742016944.719634 -123.310173 8.697837 4.953252 -0.119724 0.009498 0.991186 0.055907
1742016945.786211 -124.390030 8.972301 4.932969 -0.076305 0.011632 0.988950 0.126574
1742016946.886107 -125.538948 9.376714 4.955694 -0.108455 -0.001946 0.986886 0.119543
1742016947.919344 -126.365105 9.640278 4.906813 -0.117403 0.051011 0.978445 0.162049
1742016948.953268 -127.286156 9.943192 4.789634 -0.066891 -0.001602 0.987520 0.142577
1742016949.954815 -128.314697 10.249209 4.742443 -0.085164 -0.015625 0.990959 0.102487
1742016950.989258 -129.396179 10.581671 4.698156 -0.068234 -0.000950 0.991532 0.110484
1742016952.023037 -130.334747 10.878227 4.658545 -0.056487 -0.001113 0.996415 0.062961
1742016953.056926 -131.377594 11.136893 4.667069 -0.065755 0.024161 0.996989 0.033246
1742016954.090789 -132.422668 11.373249 4.662880 -0.036274 -0.021576 0.998433 0.036757
1742016955.091238 -132.884644 11.541420 4.674187 -0.065128 -0.009567 0.996767 0.046078
1742016956.091682 -133.497650 11.875732 4.714245 -0.079201 0.013853 0.990418 0.112279
1742016957.125461 -134.326950 12.289679 4.794538 -0.043170 -0.004297 0.996697 0.068651
1742016958.125918 -135.218781 12.644040 4.966721 -0.047780 -0.012220 0.995180 0.084763
1742016959.159706 -136.260239 13.067677 5.018013 -0.059760 0.000568 0.996845 0.052226
1742016960.160179 -137.288406 13.445961 5.087069 -0.121396 -0.013357 0.992144 0.027128
1742016961.193975 -138.198074 13.802238 5.285038 -0.085525 0.005490 0.991783 0.094980
1742016962.227715 -139.042221 14.112282 5.419951 -0.112229 0.025819 0.984502 0.132267
1742016963.228129 -139.805267 14.439442 5.502804 -0.057706 0.011395 0.996598 0.057732
1742016964.228535 -140.619705 14.830054 5.684948 -0.052965 0.015413 0.997256 0.049364
1742016965.228930 -141.504684 15.250261 5.755377 -0.057464 0.019605 0.982678 0.175093
1742016966.229366 -142.280945 15.753784 5.868957 -0.079048 0.018583 0.970896 0.225315
1742016967.229784 -142.958511 16.433060 5.957057 -0.095596 0.039306 0.969022 0.224307
1742016968.230344 -143.772736 17.046286 5.934297 -0.085154 0.014872 0.972083 0.218134
1742016969.264192 -144.559204 17.732019 5.918925 -0.106944 0.041607 0.946761 0.300790
1742016970.297945 -145.263855 18.473499 5.884398 -0.116410 0.036665 0.934480 0.334443
1742016971.365066 -145.923157 19.197014 5.858995 -0.124293 0.054025 0.947699 0.288962
1742016972.398860 -146.537582 20.016548 5.780024 -0.087130 0.038044 0.924479 0.369189
1742016973.432643 -146.984222 20.828007 5.662744 -0.084771 0.061780 0.880816 0.461692
1742016974.433081 -147.202850 21.595098 5.523081 -0.109253 0.078195 0.826918 0.546037
1742016975.433481 -147.396347 22.332399 5.265749 -0.096620 0.056997 0.836760 0.535956
1742016976.467293 -147.574875 23.125818 5.061753 -0.132534 0.117509 0.858291 0.481626
1742016977.501058 -147.937286 24.030317 4.896593 -0.080893 0.042931 0.916770 0.388776
1742016978.534812 -148.184845 24.760921 4.799120 -0.058828 0.056979 0.839826 0.536643
1742016979.535238 -148.212402 25.167549 4.765357 -0.023596 0.060034 0.718587 0.692439
1742016980.535673 -148.015640 25.192995 4.773485 -0.013098 0.083556 0.499616 0.862108
1742016981.569427 -147.841599 25.122849 4.785512 0.012978 0.060655 0.205398 0.976711
1742016982.636531 -147.808060 24.979231 4.774192 0.022672 0.058861 -0.090659 0.993882
1742016983.636971 -147.839005 24.769358 4.767218 0.026814 0.066404 -0.312183 0.947319
1742016984.670846 -147.798355 24.374741 4.719737 0.054202 0.087599 -0.443746 0.890213
1742016985.671294 -147.504135 23.617659 4.809366 0.071843 0.041839 -0.529954 0.843942
1742016986.671748 -147.215836 22.668192 4.942184 0.080506 0.043756 -0.579279 0.809963
1742016987.705532 -147.030991 21.471720 5.183093 0.061815 0.018455 -0.602269 0.795682
1742016988.739320 -146.637039 20.566687 5.448141 0.082637 0.100881 -0.430634 0.893056
1742016989.739763 -146.128891 19.635576 5.677330 0.016625 0.057875 -0.409688 0.910236
1742016990.773551 -145.530579 18.804695 5.821122 0.049055 0.060993 -0.314402 0.946057
1742016991.807355 -144.743286 18.065060 5.856957 0.025784 0.101517 -0.285348 0.952684
1742016992.874511 -143.932159 17.323523 5.910941 0.014663 0.079807 -0.260886 0.961953
1742016993.908281 -143.097885 16.607822 5.930013 0.049014 0.094287 -0.266776 0.957882
1742016994.942079 -142.312485 16.041723 5.923994 -0.008182 0.083823 -0.215072 0.972960
1742016995.942582 -141.523895 15.477243 5.877828 0.001771 0.099678 -0.194074 0.975908
1742016996.943065 -140.654007 14.993727 5.709168 0.010396 0.056198 -0.030056 0.997913
1742016997.976853 -139.441101 14.567380 5.513442 -0.007626 0.084922 -0.038407 0.995618
1742016999.010655 -138.345200 14.085293 5.426767 -0.006499 0.076637 0.011983 0.996966
1742017000.077780 -137.222580 13.701426 5.270803 0.012435 0.110657 0.013299 0.993692
1742017001.144905 -136.281906 13.405172 5.135211 0.033177 0.057200 -0.001726 0.997810
1742017002.178686 -135.435806 12.974059 4.939917 0.021649 0.104465 -0.157432 0.981750
1742017003.212468 -134.483932 12.374930 4.901782 0.112042 -0.007504 -0.249202 0.961919
1742017004.212901 -134.058685 12.016387 4.862191 0.091418 0.009168 -0.358540 0.928982
1742017005.213322 -133.352997 11.686393 4.779872 0.096576 -0.007569 -0.292037 0.951489
1742017006.247077 -132.270767 11.204573 4.668467 0.094376 0.012160 -0.227986 0.969003
1742017007.247489 -131.078903 10.824595 4.585916 0.045680 0.066981 -0.135777 0.987417
1742017008.247944 -130.010788 10.479233 4.590181 0.035787 0.080870 -0.119773 0.988855
1742017009.315063 -129.067261 10.241486 4.573547 0.010774 0.123660 -0.122417 0.984686
1742017010.315481 -128.065903 9.936473 4.643891 -0.037375 0.071014 -0.114766 0.990146
1742017011.315983 -127.094505 9.511318 4.804513 -0.009060 0.029950 -0.126575 0.991463
1742017012.316477 -126.223526 9.131466 4.864604 0.001096 0.048592 -0.168961 0.984424
1742017013.316903 -125.452843 8.815825 4.885963 0.018740 0.071651 -0.134863 0.988093
1742017014.350708 -124.696846 8.538031 4.827975 0.022281 0.098979 -0.147983 0.983772
1742017015.351136 -123.948326 8.353716 4.813642 -0.010719 0.095210 -0.099633 0.990401
1742017016.418308 -123.014000 8.153114 4.874650 -0.016973 0.062433 -0.054757 0.996401
1742017017.485440 -122.031960 7.906419 4.905763 0.015507 0.044545 -0.027773 0.998501
1742017018.552546 -121.153969 7.696104 5.059521 0.015832 -0.005801 -0.115024 0.993220
1742017019.553022 -120.244949 7.588618 5.154536 0.007561 0.031318 -0.050490 0.998205
1742017020.553590 -119.425934 7.534129 5.289301 0.004005 0.045302 0.012717 0.998884
1742017021.589784 -118.672203 7.539565 5.381740 -0.022639 0.035406 0.047062 0.998008
1742017022.589941 -117.847321 7.464879 5.494900 -0.024281 0.051673 0.085441 0.994706
1742017023.590095 -116.991516 7.363070 5.629122 -0.002334 0.066775 0.038308 0.997030
1742017024.623605 -116.253883 7.447000 5.668081 0.024137 0.133732 0.083829 0.987171
1742017025.623766 -115.275818 7.300025 5.643588 0.014135 0.116511 0.022909 0.992824
1742017026.623917 -114.291817 7.052430 5.660638 0.010756 0.119732 -0.036309 0.992084
1742017027.657463 -113.382095 6.814168 5.584678 0.015249 0.150112 -0.076698 0.985572
1742017028.657657 -112.671379 6.667998 5.535275 0.010967 0.154863 -0.098697 0.982932
1742017029.691165 -111.789337 6.344271 5.541909 0.012305 0.108245 -0.098023 0.989203
1742017030.724705 -110.907532 5.606297 5.500391 0.076335 0.039928 -0.280154 0.956082
1742017031.758264 -109.971336 4.880332 5.544038 0.072005 0.023056 -0.403082 0.912035
1742017032.758506 -109.164970 4.312655 5.675928 0.035692 0.071869 -0.337589 0.937867
1742017033.825372 -108.447609 3.744346 5.731964 0.032700 0.101742 -0.316730 0.942476
1742017034.825550 -107.810684 3.012048 5.811358 0.052887 0.089942 -0.273155 0.956295
1742017035.892440 -107.000061 2.324829 5.864325 0.040778 0.081518 -0.191969 0.977159
1742017036.893144 -106.243401 1.792290 5.916343 0.010468 0.120750 -0.168349 0.978248
1742017038.061168 -105.341942 1.261223 5.894739 0.008304 0.082188 -0.136407 0.987203
1742017039.094970 -104.488251 0.766951 5.849140 0.000262 0.116017 -0.113709 0.986717
1742017040.095448 -103.945587 0.384245 5.827484 0.005522 0.136897 -0.080507 0.987293
1742017041.095949 -103.292259 0.075276 5.855552 0.002662 0.109779 -0.141494 0.983830
1742017042.096385 -102.761787 -0.144774 5.876607 -0.001573 0.079257 -0.110999 0.990654
1742017043.130128 -102.329353 -0.241046 5.846105 0.026704 0.120922 -0.124467 0.984466
1742017044.163894 -101.828270 -0.457159 5.813891 0.024926 0.126142 -0.098823 0.986763
1742017045.164302 -101.024101 -0.718951 5.825799 0.037889 0.103104 -0.061048 0.992072
1742017046.164722 -100.059845 -1.146325 5.816712 0.011720 0.105731 -0.113584 0.987817
1742017047.233600 -99.022697 -1.553286 5.787348 0.008493 0.097315 -0.154664 0.983126
1742017048.268011 -98.013824 -1.934679 5.762486 0.010410 0.104302 -0.157034 0.982015
1742017049.303426 -96.965088 -2.299372 5.756862 -0.000535 0.100053 -0.064482 0.992890
1742017050.338477 -95.872437 -2.605729 5.747326 -0.021604 0.075862 0.023126 0.996616
1742017051.338676 -94.766045 -2.730878 5.757476 0.001156 0.091451 0.128432 0.987492
1742017052.371772 -93.488541 -2.779616 5.715456 -0.006360 0.065964 0.079295 0.994646
1742017053.404829 -92.254898 -3.198416 5.667448 0.020209 0.091391 -0.192958 0.976733
1742017054.437929 -91.093849 -3.549447 5.676740 0.011956 0.093325 -0.053705 0.994114
1742017055.504340 -89.808937 -3.854991 5.719407 -0.002544 0.071874 -0.017822 0.997251
1742017056.537466 -88.642708 -4.250222 5.663996 0.028222 0.116616 -0.131660 0.984007
1742017057.570625 -87.623138 -4.764278 5.622249 0.022134 0.107590 -0.173272 0.978729
1742017058.603742 -86.482384 -5.154532 5.665516 0.037104 0.055100 -0.166390 0.983820
1742017061.269836 -83.194862 -5.764492 5.650368 0.018635 0.085982 0.080085 0.992898
1742017062.336262 -81.824509 -6.174929 5.631001 -0.021239 0.078159 0.015099 0.996600
1742017063.370529 -80.396034 -6.534574 5.571332 -0.015950 0.049119 0.008757 0.998627
1742017064.370864 -79.125252 -6.826209 5.685964 0.009648 0.085301 0.014968 0.996196
1742017065.372058 -77.915260 -7.057867 5.703095 -0.005703 0.070406 0.050216 0.996237
1742017066.406691 -76.814621 -7.297693 5.686244 -0.004174 0.065420 0.041189 0.996999
1742017067.407295 -76.222580 -7.388303 5.656997 -0.009085 0.067110 -0.011649 0.997636
1742017068.407844 -75.850159 -7.736110 5.496750 -0.048285 0.108550 0.110269 0.986776
1742017069.475007 -75.246986 -7.954620 5.488395 0.001384 0.116943 0.021662 0.992901
1742017070.475474 -74.587234 -7.924965 5.345586 0.010334 0.113926 0.106665 0.987693
1742017071.509259 -73.434616 -8.026756 5.122610 -0.046661 0.124566 0.108909 0.985112
1742017072.509709 -72.299202 -8.034760 4.979352 -0.051872 0.109282 0.134631 0.983484
1742017073.545910 -71.146400 -7.924351 4.831435 -0.049460 0.087754 0.195459 0.975525
1742017074.546277 -70.023567 -7.678215 4.728274 -0.035280 0.062641 0.215934 0.973758
1742017075.579825 -68.850815 -7.372107 4.685933 -0.031362 0.080740 0.149100 0.985021
1742017076.713343 -67.531288 -7.178604 4.656871 -0.013951 0.107981 0.103934 0.988607
1742017077.780209 -66.235115 -6.914186 4.681411 -0.012078 0.122494 0.185148 0.974972
1742017078.780410 -65.150269 -6.468428 4.657652 -0.021139 0.106287 0.265512 0.957998
1742017079.780565 -63.949127 -6.132394 4.685992 -0.004908 0.065012 0.236248 0.969503
1742017080.780712 -62.700871 -5.932840 4.716966 0.007765 0.108173 0.095550 0.989499
1742017081.847532 -61.498394 -5.946020 4.784228 0.021884 0.099601 -0.010739 0.994729
1742017082.881039 -60.448406 -6.102331 4.778292 0.025287 0.083396 -0.082613 0.992764
1742017083.881214 -59.370178 -6.476240 4.908456 0.056444 0.097237 -0.107088 0.987872
1742017084.914753 -58.285500 -6.766966 4.903533 0.024865 0.116258 -0.060788 0.991045
1742017085.948270 -57.271542 -7.422005 5.047098 0.045035 0.080997 -0.224788 0.969991
1742017087.015129 -56.571564 -8.265918 5.133859 0.079576 0.107577 -0.294406 0.946266
1742017088.015321 -55.975071 -8.979570 5.238111 0.053714 0.132530 -0.194379 0.970447
1742017089.049464 -55.156948 -9.656795 5.390573 0.045378 0.089672 -0.125487 0.986992
1742017090.050675 -54.293777 -10.123162 5.511283 0.030554 0.085727 -0.102852 0.990525
1742017091.084491 -53.389828 -10.478624 5.540875 0.020894 0.085511 -0.029969 0.995667
1742017092.119507 -52.409424 -10.905252 5.693531 0.017459 0.078855 -0.034979 0.996119
1742017093.154498 -51.352943 -11.233875 5.826240 0.018691 0.100523 0.012943 0.994675
1742017094.154803 -50.260990 -11.450354 6.095675 0.017729 0.059883 0.083232 0.994571
1742017095.155083 -49.306377 -11.451818 6.414788 0.036056 0.063480 0.090652 0.993203
1742017096.188585 -48.300800 -11.535200 6.641473 0.017485 0.096511 0.041822 0.994299
1742017097.222079 -47.379204 -11.758498 6.934258 0.015199 0.094641 -0.038545 0.994649
1742017098.222271 -46.428291 -12.031318 7.217155 0.027685 0.048354 -0.036332 0.997785
1742017099.255810 -45.555622 -12.466526 7.436937 0.039460 0.052072 -0.155115 0.985734
1742017100.289313 -44.680492 -12.899827 7.630665 0.048116 0.044337 -0.197981 0.978020
1742017101.322827 -43.713505 -13.552523 7.763876 0.016852 0.069435 -0.293692 0.953226
1742017102.322976 -42.899395 -14.018847 7.900078 0.051975 0.114704 -0.242665 0.961902
1742017103.323133 -42.255241 -14.626792 8.049827 0.044145 0.124928 -0.244548 0.960542
1742017104.356626 -41.579269 -15.128878 8.189624 0.049409 0.127805 -0.176380 0.974738
1742017105.390125 -40.806499 -15.810440 8.357165 0.038465 0.093846 -0.164015 0.981230
1742017106.390270 -40.032330 -16.354053 8.538410 0.032815 0.084812 -0.062980 0.993863
1742017107.423801 -39.152645 -16.947670 8.685555 0.033167 0.098685 -0.131112 0.985886
1742017108.425182 -38.339268 -17.636311 8.901553 0.021194 0.075664 -0.204863 0.975631
1742017109.425892 -37.656605 -18.232996 9.023942 0.033716 0.073727 -0.073623 0.993986
1742017110.426394 -36.760811 -18.856779 9.054635 0.008767 0.075025 0.013010 0.997058
1742017111.493519 -35.763081 -19.196207 8.971412 -0.004855 0.075043 0.096167 0.992521
1742017112.493983 -34.794483 -19.471046 8.933500 -0.036356 0.124482 0.155877 0.979227
1742017113.527738 -33.896137 -19.492121 8.892800 -0.060396 0.091632 0.280918 0.953436
1742017114.561514 -32.938454 -19.442705 8.823393 -0.030709 0.101099 0.281548 0.953712
1742017115.595358 -31.974239 -19.277834 8.708076 -0.069815 0.125187 0.309033 0.940187
1742017116.595784 -31.010370 -19.013746 8.487945 -0.073094 0.071662 0.311612 0.944680
1742017117.629575 -30.427595 -18.726032 8.217633 -0.070393 0.107580 0.305944 0.943329
1742017118.663361 -29.704264 -18.280996 8.051679 -0.052410 0.081027 0.305757 0.947207
1742017119.663824 -29.108173 -18.049973 8.038645 -0.015626 0.102763 0.419636 0.901721
1742017120.730936 -29.016241 -17.890398 7.971528 -0.034555 0.117143 0.472326 0.872922
1742017121.731345 -28.922522 -17.606201 7.912293 -0.048624 0.101802 0.537478 0.835697
1742017122.798458 -28.576620 -17.366434 7.608075 -0.030395 0.141477 0.315682 0.937766
1742017123.832254 -28.060282 -17.024689 7.494267 -0.034199 0.085510 0.358575 0.928947
1742017124.899994 -27.543661 -16.657001 7.338776 -0.045672 0.051087 0.439925 0.895416
1742017125.902352 -27.016109 -16.338972 7.178205 -0.055847 0.107903 0.390394 0.912596
1742017126.935870 -26.435537 -16.031364 6.989203 -0.056729 0.078603 0.410668 0.906618
1742017127.936044 -26.085659 -15.698711 6.682591 -0.096869 0.115195 0.497802 0.854131
1742017129.002919 -25.637579 -15.295957 6.618217 -0.058218 0.096746 0.533443 0.838266
1742017130.003093 -25.043217 -14.874076 6.408486 -0.070042 0.073335 0.439103 0.892695
1742017131.069987 -24.447145 -14.434792 6.125028 -0.059821 0.044501 0.415426 0.906566
1742017132.070193 -23.910223 -14.126262 5.730356 -0.103784 0.109154 0.434667 0.887907
1742017133.070362 -23.636530 -13.802580 5.706817 -0.122775 0.138371 0.543571 0.818725
1742017134.137241 -23.256008 -13.449179 5.438454 -0.106347 0.134808 0.511577 0.841906
1742017135.170801 -22.903551 -13.124947 5.174475 -0.113580 0.111217 0.454138 0.876635
1742017136.237654 -22.510962 -12.786677 5.046990 -0.111041 0.168053 0.430414 0.879870
1742017137.237821 -21.896210 -12.436893 4.700165 -0.095324 0.085357 0.360814 0.923819
1742017138.338037 -21.366299 -12.113869 4.231110 -0.121719 0.135040 0.392238 0.901719
1742017139.404892 -20.910961 -11.730617 3.987005 -0.090446 0.122916 0.453195 0.878252
1742017140.405119 -20.394613 -11.250372 3.765190 -0.087853 0.134753 0.410771 0.897436
1742017141.439825 -19.917356 -10.850924 3.495456 -0.099098 0.123965 0.459596 0.873833
1742017142.440630 -19.421478 -10.278822 3.173964 -0.082838 0.084043 0.517375 0.847583
1742017143.474401 -19.084015 -9.790047 2.973544 -0.079609 0.111985 0.575442 0.806218
1742017144.508168 -18.565145 -9.386018 2.457605 -0.089685 0.147332 0.461075 0.870437
1742017145.541921 -18.160763 -8.733094 2.312883 -0.107813 0.126977 0.514070 0.841418
1742017146.575681 -17.718950 -8.279323 2.175353 -0.091704 0.126708 0.507052 0.847604
1742017147.645275 -17.151751 -7.815034 1.813089 -0.095955 0.096669 0.519672 0.843439
1742017148.712211 -16.618946 -7.136353 1.703584 -0.067857 0.069342 0.535383 0.839019
1742017149.712457 -16.145512 -6.704922 1.653878 -0.086675 0.100068 0.514156 0.847418
1742017150.781914 -15.251958 -6.454295 1.228692 -0.099543 0.102180 0.377497 0.914957
1742017151.815143 -14.601089 -6.154635 1.162307 -0.079616 0.148542 0.368259 0.914321
1742017152.881695 -14.090329 -5.987474 1.140121 -0.047580 0.180514 0.313161 0.931172
1742017153.948260 -13.449958 -5.809069 0.797739 -0.051786 0.170764 0.293126 0.939273
1742017155.014833 -12.601110 -5.414676 0.708627 -0.069849 0.149518 0.305089 0.937916
1742017156.048077 -11.813795 -5.298372 0.654719 -0.078339 0.163801 0.315794 0.931293
1742017157.114663 -11.321132 -4.927439 0.419356 -0.094114 0.141316 0.391255 0.904484
1742017158.181267 -10.787066 -4.576950 0.344543 -0.093727 0.217050 0.275890 0.931659
1742017159.214577 -10.052760 -4.486455 0.330307 -0.042084 0.156708 0.098549 0.981815
1742017160.281187 -9.507453 -4.582402 0.325123 -0.010826 0.169454 0.036464 0.984804
1742017161.347800 -9.154364 -4.521115 0.281487 -0.029033 0.197770 0.052292 0.978422
1742017188.062618 -8.831184 -4.455360 0.270066 -0.056324 0.196135 0.131713 0.970057
1742017190.096375 -8.773746 -4.372193 0.290594 -0.084742 0.169312 0.209129 0.959384
1742017191.129933 -8.468644 -4.167710 0.259197 -0.046584 0.167872 0.172403 0.969498
1742017192.130124 -7.962540 -4.025592 0.216463 -0.066415 0.158675 0.199174 0.964749
1742017193.164615 -7.331315 -3.787910 0.166054 -0.056539 0.128822 0.206742 0.968228
1742017194.199636 -6.727445 -3.621644 0.154868 -0.076106 0.119588 0.200995 0.969282
1742017195.232942 -6.241062 -3.534449 0.133036 -0.084546 0.132115 0.265656 0.951223
1742017196.299535 -5.838890 -3.167749 0.112707 -0.100429 0.118058 0.398936 0.903785
1742017197.366084 -5.373435 -2.730195 0.078546 -0.105369 0.113148 0.475721 0.865901
1742017198.399358 -4.941361 -2.240472 0.013512 -0.104378 0.123104 0.531142 0.831768
1742017199.466023 -4.458919 -1.636735 -0.109045 -0.093365 0.125184 0.527513 0.835070
1742017200.499288 -4.059344 -1.078950 -0.162971 -0.085005 0.119009 0.474155 0.868210
1742017201.533627 -3.362575 -0.700997 -0.204055 -0.073094 0.179643 0.368473 0.909183
1742017202.567456 -2.622660 -0.421448 -0.195056 -0.079036 0.189678 0.288589 0.935143
1742017203.600946 -1.999828 -0.060728 -0.180769 -0.063501 0.212139 0.306539 0.925742
1742017204.601127 -1.426595 0.174284 -0.135501 -0.059343 0.225555 0.261204 0.936683
1742017205.701316 -0.834262 0.487787 -0.103534 -0.033471 0.181627 0.176196 0.966874
1742017206.734822 -0.350509 0.635838 -0.094805 0.023209 0.179067 -0.086649 0.979739
1742017207.770891 -0.202248 0.985289 -0.099331 0.057405 0.152549 -0.213052 0.963350
1742017208.837541 0.306311 1.339369 -0.110080 -0.007193 0.185117 -0.064970 0.980540
1742017209.838919 0.811438 1.555205 -0.117282 -0.087131 0.221192 0.273831 0.931933
1742017210.839133 1.064392 1.727115 -0.071233 -0.147136 0.192259 0.585492 0.773683
1742017211.872674 0.989573 1.868073 -0.040171 -0.172405 0.127632 0.783324 0.583429
1742017212.906229 1.044616 1.898084 -0.012034 -0.171934 0.089452 0.892983 0.406225
1742017213.906383 0.866825 1.915379 -0.020410 -0.165830 0.049356 0.943553 0.282438
1742017214.939919 0.811056 1.858213 -0.006312 -0.153235 0.016684 0.980715 0.120160
1742017215.940175 0.798272 1.768874 0.012287 -0.124235 -0.002020 0.992183 -0.011621
1742017216.974127 0.762611 1.702641 0.067294 -0.059668 -0.010272 0.993741 -0.093882
1742017219.042951 0.342222 1.911373 -0.053511 -0.152727 -0.020933 0.979270 -0.131406
1742017220.142866 -0.108150 1.922964 -0.105972 -0.155485 -0.019184 0.967273 -0.199599
1742017221.176130 -0.546760 1.972377 -0.154973 -0.141338 -0.045875 0.961186 -0.232465
1742017222.276060 -0.941206 2.084919 -0.220533 -0.158467 -0.039475 0.946591 -0.278020
1742017223.276666 -1.338346 2.183949 -0.295445 -0.212948 -0.029970 0.963850 -0.157317
1742017224.277537 -1.472981 2.503639 -0.338741 -0.248460 0.006516 0.968464 -0.017375
1742017225.344377 -1.638319 2.428429 -0.337516 -0.203525 -0.009097 0.978694 -0.025555
1742017226.377920 -1.565807 2.227150 -0.328848 -0.179231 -0.055427 0.892073 -0.411107
1742017227.411454 -1.366630 1.822681 -0.314929 0.123247 0.098388 -0.762980 0.626890
1742017228.478328 -1.261786 1.289982 -0.272358 0.089456 0.116186 -0.645218 0.749794
1742017229.511869 -1.185732 0.778123 -0.190500 0.089508 0.101158 -0.633586 0.761791
1742017230.545406 -1.068257 0.401141 -0.116462 0.064360 0.120781 -0.595059 0.791943
1742017231.580845 -1.257958 -0.029708 -0.038535 0.065656 0.079372 -0.735952 0.669152
1742017232.614797 -1.882828 -0.326974 -0.039426 -0.079789 -0.069909 0.896723 -0.429691
1742017233.615900 -2.491452 -0.256812 -0.059662 -0.085967 -0.018723 0.965037 -0.246906
1742017234.616394 -3.045724 -0.120379 -0.121799 -0.073217 -0.001419 0.987638 -0.138596
1742017235.650149 -3.636384 0.084657 -0.208204 -0.041656 -0.022554 0.985859 -0.160744
1742017236.650362 -4.113350 0.124234 -0.273893 -0.089822 -0.020949 0.949296 -0.300551
1742017237.650549 -4.539191 -0.070679 -0.287966 -0.091895 -0.040245 0.931071 -0.350774
1742017238.717382 -5.220376 -0.063327 -0.296800 -0.084517 -0.046321 0.965837 -0.240564
1742017239.717503 -5.537698 -0.087977 -0.281125 -0.092342 -0.024585 0.973526 -0.207643
1742017240.784298 -5.752136 -0.587039 -0.305656 -0.108961 -0.054518 0.905731 -0.405964
1742017241.817762 -6.190496 -0.969123 -0.315823 -0.133580 -0.063406 0.856143 -0.495131
1742017242.851280 -6.695040 -1.429156 -0.286941 -0.108762 -0.064979 0.887014 -0.444021
1742017243.884771 -7.118188 -1.763096 -0.187551 -0.091271 -0.043713 0.921775 -0.374286
1742017244.884917 -7.482565 -1.964795 -0.081249 -0.069401 -0.028306 0.940785 -0.330616
1742017245.918426 -7.586346 -2.222809 0.007171 -0.053762 0.005281 0.959934 -0.274969
1742017246.918664 -7.725753 -2.504529 -0.013684 -0.081788 -0.049459 0.937596 -0.334331
1742017247.920330 -7.577451 -2.806929 0.002332 -0.093553 -0.074069 0.893662 -0.432584
1742017248.920747 -7.326100 -2.842261 0.010064 0.091763 0.096083 -0.644464 0.753004
1742017249.987829 -6.755438 -2.885569 -0.004269 0.030378 0.137262 -0.189139 0.971835
1742017250.988561 -6.315103 -2.930405 0.051098 -0.028633 0.135656 0.069100 0.987929
1742017251.991524 -5.851081 -2.946594 0.084364 -0.043909 0.151529 0.248834 0.955611
1742017252.991727 -5.374593 -2.671291 0.049570 -0.082889 0.150552 0.384217 0.907106
1742017253.991924 -4.800322 -2.356793 0.039984 -0.089832 0.101230 0.497218 0.857005
1742017254.992080 -4.227932 -2.010036 -0.005050 -0.091227 0.124295 0.508890 0.846912
1742017255.992268 -3.758087 -1.468860 -0.124995 -0.095738 0.161505 0.473261 0.860682
1742017256.992545 -3.272974 -1.005799 -0.172806 -0.079438 0.176750 0.352954 0.915354
1742017258.026053 -2.662711 -0.742921 -0.145702 -0.057858 0.179842 0.347881 0.918307
1742017259.059571 -1.971810 -0.363919 -0.132699 -0.052928 0.149686 0.389316 0.907318
1742017260.126455 -1.245116 0.037234 -0.036752 -0.080068 0.100548 0.395406 0.909469
1742017261.126670 -0.705687 0.276348 0.003952 -0.075537 0.140515 0.459584 0.873689
1742017262.126806 -0.239685 0.553001 0.009401 -0.079676 0.140055 0.449940 0.878402
1742017263.160272 0.417973 0.951002 -0.033086 -0.063187 0.164396 0.439226 0.880944
1742017264.160441 1.385699 1.224119 -0.004323 -0.027605 0.118575 0.274973 0.953713
1742017265.160655 2.113065 0.989665 0.033517 -0.001527 0.094069 0.001572 0.995563
1742017266.194144 2.631497 0.357655 0.091606 -0.001963 0.118524 0.030427 0.992483
1742017267.228899 2.811086 -0.156601 0.072752 -0.038758 0.136947 0.264299 0.953881
1742017268.265248 2.790943 -0.352319 -0.221364 -0.078893 0.183630 0.502415 0.841210
1742017269.265392 2.598371 -0.465576 -0.337444 -0.082472 0.099563 0.591873 0.795595
1742017270.298882 2.545079 -0.440317 -0.404610 -0.147210 0.136064 0.599819 0.774618
