#timestamp x y z qx qy qz qw
1742015887.261796 -0.000574 0.000894 -0.002930 0.107009 0.177478 -0.707342 0.675809
1742015889.388942 -0.111657 0.071752 -0.000264 0.095090 0.142542 -0.809586 0.561435
1742015890.485381 -0.102271 0.385155 0.002625 -0.120087 -0.127387 0.904480 -0.388932
1742015891.514643 -0.093620 0.459759 -0.008900 -0.147607 -0.081940 0.960140 -0.222775
1742015892.581198 0.187617 0.799066 -0.044724 -0.184918 -0.091217 0.971447 -0.117366
1742015893.682006 0.425844 0.859574 -0.050598 -0.206431 -0.033687 0.977729 0.017255
1742015894.683407 0.610814 1.086673 -0.042203 -0.191319 -0.050173 0.979951 0.023982
1742015895.684442 0.540886 1.251547 -0.056958 -0.201418 -0.040405 0.973519 0.100291
1742015896.684840 0.371338 1.459506 -0.066135 -0.193023 -0.015392 0.977183 0.087282
1742015897.719341 0.274180 1.870415 -0.139199 -0.145994 -0.051110 0.987298 0.036293
1742015898.719783 0.133656 2.159820 -0.175726 -0.144358 -0.050458 0.985259 -0.076679
1742015899.720219 -0.195121 2.303610 -0.210616 -0.114621 -0.070786 0.985472 -0.103426
1742015900.720680 -0.576573 2.371189 -0.220336 -0.095602 -0.074333 0.976462 -0.178483
1742015901.754577 -1.122631 2.269370 -0.247759 -0.098909 -0.072415 0.972145 -0.199767
1742015902.755325 -1.939172 2.106419 -0.219227 -0.070397 -0.050342 0.953772 -0.287800
1742015903.791346 -2.732330 1.716792 -0.233293 -0.065426 -0.089216 0.918810 -0.378877
1742015904.791672 -3.429930 1.048212 -0.298407 -0.113978 -0.087163 0.903801 -0.403183
1742015905.791773 -4.127990 0.384230 -0.249918 -0.153483 -0.094105 0.904211 -0.387284
1742015906.825245 -5.064183 -0.219290 -0.222190 -0.110065 -0.103595 0.926751 -0.343929
1742015907.825410 -5.966506 -0.766640 -0.122856 -0.118048 -0.089370 0.938230 -0.312733
1742015908.825536 -6.853902 -1.250326 -0.029783 -0.124908 -0.101327 0.955584 -0.246962
1742015909.859471 -7.703896 -1.718610 0.157740 -0.131873 -0.061708 0.973480 -0.176460
1742015910.861748 -8.593110 -1.951485 0.234806 -0.106106 -0.102061 0.968186 -0.202340
1742015911.894985 -9.515269 -2.101304 0.297892 -0.110546 -0.117340 0.962850 -0.216636
1742015913.028179 -10.486721 -2.288673 0.371832 -0.143557 -0.130378 0.947805 -0.253097
1742015914.094731 -11.385615 -2.548302 0.439531 -0.136230 -0.100435 0.960415 -0.221261
1742015915.161289 -12.191019 -2.792608 0.607541 -0.132332 -0.083175 0.963539 -0.217169
1742015916.194522 -12.904006 -3.004370 0.782374 -0.098708 -0.107280 0.967419 -0.206998
1742015917.227793 -13.796311 -3.132271 0.808076 -0.119151 -0.093696 0.979755 -0.130781
1742015918.294407 -14.488596 -3.276581 1.077244 -0.141006 -0.099088 0.973636 -0.149442
1742015919.295232 -15.234589 -3.435731 1.235828 -0.070870 -0.124805 0.964352 -0.222323
1742015920.362686 -16.169680 -3.761212 1.323396 -0.022091 -0.092491 0.954736 -0.281844
1742015921.396239 -16.776613 -3.948978 1.676952 -0.091391 -0.076441 0.951145 -0.284829
1742015922.396404 -17.689283 -4.409207 2.010498 0.038999 -0.056921 0.956231 -0.284361
1742015923.463274 -18.399750 -4.936608 2.345408 0.078046 -0.054633 0.943508 -0.317359
1742015924.496787 -19.009747 -5.355588 2.556705 0.101942 -0.026329 0.929523 -0.353413
1742015925.497043 -19.654203 -5.860475 2.706461 0.095636 -0.042677 0.942403 -0.317661
1742015926.498492 -20.162722 -6.253463 3.037175 0.052616 -0.074251 0.954325 -0.284574
1742015927.499226 -20.704182 -6.518080 3.233455 0.049533 -0.059363 0.955775 -0.283755
1742015928.532991 -21.321012 -6.867573 3.561149 0.019964 -0.070981 0.958524 -0.275309
1742015929.533425 -21.955624 -7.090614 3.796295 0.050929 -0.058126 0.957018 -0.279543
1742015930.600564 -22.584578 -7.395056 4.171397 0.040032 -0.052123 0.968188 -0.241438
1742015931.600966 -23.034559 -7.543249 4.290168 0.051429 -0.026990 0.958602 -0.278764
1742015932.601369 -23.447025 -7.778315 4.646757 0.039970 -0.052818 0.964620 -0.255189
1742015933.604101 -23.905939 -7.921821 4.765355 0.009457 -0.051022 0.958695 -0.279663
1742015934.637890 -24.471020 -8.213925 5.103030 0.003949 -0.050559 0.960885 -0.272265
1742015935.638084 -24.922312 -8.381443 5.423834 0.020676 -0.038990 0.953179 -0.299168
1742015936.671553 -25.434614 -8.726585 5.589739 0.009486 -0.064148 0.955092 -0.289126
1742015937.705120 -26.022408 -9.029899 5.725106 -0.023483 -0.080885 0.952217 -0.293580
1742015938.738679 -26.724257 -9.431272 6.049167 -0.005957 -0.071922 0.956865 -0.281427
1742015939.772175 -27.373724 -9.677323 6.410556 0.055325 -0.048147 0.953910 -0.290992
1742015940.805677 -27.866199 -9.947078 6.625031 0.030417 -0.061480 0.939097 -0.336738
1742015941.805899 -28.230839 -10.050907 6.711110 0.057978 -0.052952 0.932936 -0.351375
1742015942.806117 -28.699711 -10.390270 6.801265 0.002684 -0.068056 0.938386 -0.338811
1742015943.839645 -29.222597 -10.628205 6.943187 0.033516 -0.084473 0.958088 -0.271676
1742015944.839823 -29.687344 -10.889083 7.190520 -0.006756 -0.058837 0.942688 -0.328379
1742015945.873392 -30.331198 -11.206399 7.371828 0.025921 -0.071589 0.950003 -0.302817
1742015946.940241 -31.074116 -11.566232 7.619997 0.019768 -0.092664 0.962738 -0.253293
1742015947.973773 -31.575811 -11.874314 7.829791 -0.018503 -0.068898 0.946601 -0.314416
1742015949.007741 -32.501366 -12.134497 7.921299 -0.013318 -0.067601 0.969710 -0.234341
1742015950.042474 -33.303638 -12.400533 8.230624 -0.013429 -0.042222 0.950052 -0.308930
1742015951.076250 -34.038330 -12.621034 8.357750 -0.015862 -0.087118 0.953418 -0.288364
1742015952.109993 -34.699154 -12.937822 8.530663 -0.020548 -0.078721 0.920092 -0.383159
1742015953.110398 -35.408550 -13.229211 8.683429 -0.005965 -0.066553 0.881133 -0.468123
1742015954.110826 -36.090931 -13.749410 8.777281 -0.012337 0.057943 -0.840322 0.538840
1742015955.177952 -36.679699 -14.441995 8.904759 0.007956 0.093874 -0.833743 0.544056
1742015956.211708 -37.262375 -15.111963 9.014909 0.008166 0.066547 -0.818028 0.571258
1742015957.245468 -37.744217 -15.870301 9.115251 0.005727 0.073416 -0.825844 0.559070
1742015958.245904 -38.211098 -16.707516 9.185225 -0.023348 0.091700 -0.840818 0.532983
1742015959.246343 -38.719128 -17.535534 9.339137 0.077701 -0.069691 0.882254 -0.459057
1742015960.280125 -39.381512 -18.148191 9.431612 0.082253 -0.058426 0.920979 -0.376322
1742015961.313925 -40.142376 -18.722795 9.428330 0.091553 -0.060343 0.938105 -0.328536
1742015962.347717 -40.743622 -19.279509 9.481907 0.025396 -0.067796 0.929000 -0.362930
1742015963.348170 -41.585056 -19.800365 9.653452 0.068121 -0.035054 0.943395 -0.322703
1742015964.381979 -42.597603 -20.182379 9.794479 0.053803 -0.039744 0.986125 -0.151932
1742015965.415778 -43.445274 -20.438766 9.987241 0.047479 -0.032436 0.990087 -0.128147
1742015966.482935 -44.536167 -20.755749 10.313432 0.086777 -0.054148 0.982151 -0.157855
1742015967.484417 -45.393047 -20.961121 10.450663 0.075318 -0.061297 0.978174 -0.183698
1742015968.520489 -46.180706 -21.328009 10.606961 0.076503 -0.052029 0.963319 -0.251906
1742015969.521176 -46.994926 -21.756390 10.833931 0.079677 -0.022956 0.948446 -0.305900
1742015970.521207 -47.731632 -22.068748 11.047577 0.100201 -0.052618 0.936989 -0.330519
1742015971.521248 -48.417107 -22.543907 11.207279 0.067469 -0.027330 0.913154 -0.401063
1742015972.554606 -48.850498 -22.642448 11.249260 0.009039 -0.079602 0.935938 -0.342932
1742015973.554643 -49.263912 -22.805424 11.382869 0.017379 -0.080257 0.923350 -0.375076
1742015974.588016 -49.557335 -23.068693 11.739057 -0.003361 -0.068023 0.944785 -0.320535
1742015975.588084 -50.118141 -23.180777 11.673675 0.024986 -0.072507 0.895288 -0.438837
1742015976.588156 -50.991619 -23.391270 11.489475 -0.027770 -0.099984 0.918338 -0.381952
1742015977.621519 -51.957245 -23.813707 11.190300 -0.037098 -0.108664 0.925895 -0.359908
1742015978.654886 -52.863926 -24.328236 11.074204 0.043224 -0.095739 0.860102 -0.499190
1742015979.654941 -53.544109 -25.027691 11.123449 -0.006632 0.076238 -0.818102 0.569958
1742015980.688307 -53.990925 -25.830053 11.036075 0.041037 0.114826 -0.793042 0.596837
1742015981.688318 -54.511055 -26.632250 11.072035 0.033757 0.126736 -0.842895 0.521849
1742015982.688335 -55.124802 -27.402468 11.091827 -0.004190 -0.086646 0.867922 -0.489067
1742015983.722551 -55.741436 -28.153870 11.079432 -0.031779 -0.102437 0.875185 -0.471750
1742015984.724340 -56.417484 -28.919512 11.053736 -0.035826 -0.097986 0.883223 -0.457200
1742015985.724771 -57.031052 -29.714424 11.071052 -0.043165 -0.107897 0.865798 -0.486712
1742015986.758570 -57.639450 -30.606003 11.051892 0.000853 0.139445 -0.815738 0.561361
1742015987.759037 -58.216927 -31.531128 11.047569 0.008992 0.104687 -0.801985 0.588030
1742015988.792810 -58.752861 -32.523190 11.033973 0.042486 0.142057 -0.771208 0.619075
1742015989.793225 -59.210880 -33.555557 11.026505 0.016979 0.128046 -0.776711 0.616470
1742015990.793633 -59.579124 -34.567459 11.031381 0.011202 0.109337 -0.805477 0.582347
1742015991.794062 -60.003998 -35.610008 11.081441 -0.013653 0.107199 -0.767619 0.631731
1742015992.827846 -60.327549 -36.719997 11.132970 -0.033327 0.080067 -0.711241 0.697578
1742015993.861654 -60.564484 -37.897976 11.196851 -0.007820 0.089047 -0.744643 0.661450
1742015994.862098 -60.917488 -39.026878 11.251930 0.028653 0.126470 -0.783513 0.607693
1742015995.895888 -61.302162 -39.960487 11.325036 0.032104 0.104592 -0.816517 0.566860
1742015996.896324 -61.846565 -40.797256 11.350328 -0.051282 -0.110393 0.879991 -0.459129
1742015997.896731 -62.368690 -41.713718 11.400440 0.010997 0.110194 -0.828485 0.548953
1742015998.930504 -62.803402 -42.652458 11.469102 0.007468 0.083034 -0.765080 0.638515
1742015999.930945 -63.240677 -43.653465 11.534799 -0.000138 0.091280 -0.778930 0.620432
1742016000.964752 -63.504166 -44.493862 11.599952 0.011461 0.083828 -0.692265 0.716666
1742016001.998555 -63.631153 -45.406273 11.692855 0.021753 0.091584 -0.662944 0.742728
1742016003.032366 -63.562492 -46.408760 11.768647 -0.019405 0.090417 -0.622538 0.777107
1742016004.066182 -63.764626 -47.446426 11.815835 0.002129 0.093310 -0.734615 0.672034
1742016005.066627 -64.165634 -48.448147 11.800890 0.035284 0.113228 -0.812751 0.570413
1742016006.100393 -64.758224 -49.484325 11.838817 0.018562 0.090094 -0.843870 0.528603
1742016007.100812 -65.361191 -50.465351 11.881340 0.011123 0.090209 -0.845689 0.525878
1742016008.134579 -65.902626 -51.466396 11.858096 -0.013869 0.086145 -0.819223 0.566798
1742016009.168356 -66.339310 -52.521885 11.873549 0.003163 0.095749 -0.787720 0.608539
1742016010.202143 -66.795761 -53.621021 11.880282 0.016324 0.093740 -0.789043 0.606925
1742016011.202583 -67.245018 -54.687145 11.868950 -0.012984 0.096301 -0.788004 0.607954
1742016012.236382 -67.561546 -55.799335 11.888159 -0.016137 0.090692 -0.749116 0.656003
1742016013.270200 -67.942680 -56.941513 11.906961 -0.002595 0.078782 -0.787170 0.611678
1742016014.304029 -68.356781 -58.035938 11.896863 -0.010336 0.077775 -0.784269 0.615440
1742016015.304482 -68.765121 -59.048847 11.921082 -0.004305 0.107744 -0.748398 0.654426
1742016016.338274 -69.068161 -60.176743 11.916930 0.019643 0.127562 -0.725760 0.675732
1742016017.372072 -69.197052 -61.232418 11.738235 0.023534 0.146768 -0.655582 0.740349
1742016018.405864 -69.258179 -62.196404 11.874062 -0.024144 0.091758 -0.688407 0.719092
1742016019.439663 -69.526062 -63.166550 12.150524 0.000266 0.108948 -0.747353 0.655434
1742016020.473489 -69.855820 -64.127075 12.288788 0.013796 0.086403 -0.785261 0.612951
1742016021.473933 -70.271530 -65.039024 12.337179 0.048984 0.066442 -0.852260 0.516565
1742016022.507725 -70.803070 -65.772682 12.401754 -0.096027 -0.073915 0.897918 -0.423152
1742016023.541513 -71.613327 -66.489494 12.445428 -0.007529 -0.064179 0.940060 -0.334831
1742016024.541947 -72.208488 -67.226273 12.555569 0.009658 -0.055876 0.887638 -0.457037
1742016025.609046 -72.792572 -68.107574 12.676223 0.013461 -0.061033 0.867728 -0.493093
1742016026.642796 -73.210907 -69.105774 12.678453 -0.015722 0.057376 -0.812189 0.580354
1742016027.643219 -73.338371 -69.977936 12.702559 0.012980 0.098382 -0.736599 0.669010
1742016028.643647 -73.477882 -70.761398 12.754387 0.005504 0.112632 -0.712062 0.693002
1742016029.644136 -73.545380 -71.544792 12.837579 0.001904 0.103663 -0.698963 0.707603
1742016030.677971 -73.792992 -72.380249 12.894120 0.018867 0.096283 -0.762437 0.639581
1742016031.678413 -74.079208 -73.164658 13.004248 -0.047933 0.050744 -0.738805 0.670294
1742016032.678857 -74.286713 -73.965424 13.031922 -0.054378 0.029577 -0.716735 0.694592
1742016033.679276 -74.539543 -74.627434 13.018830 -0.052599 0.045427 -0.792667 0.605681
1742016034.679704 -74.651535 -75.012283 13.006311 -0.003690 0.060154 -0.789542 0.610731
1742016035.680171 -74.743179 -75.413391 13.210996 0.000145 0.069644 -0.862988 0.500402
1742016036.713968 -75.183044 -75.581100 13.294016 -0.023970 -0.081222 0.898028 -0.431711
1742016037.714389 -75.513992 -75.661407 13.087790 -0.096793 -0.055586 0.907375 -0.405231
1742016038.714828 -76.380836 -75.405441 12.922520 -0.008152 -0.078585 0.882371 -0.463873
1742016040.082130 -77.466896 -75.578857 12.875113 -0.015758 -0.145766 0.882488 -0.446900
1742016041.115922 -78.214691 -76.241447 12.827852 -0.003153 0.142598 -0.854199 0.500001
1742016042.116339 -78.880463 -76.972687 12.754472 -0.014072 0.090666 -0.818692 0.566856
1742016043.150109 -79.399132 -77.880722 12.927449 -0.095374 0.045248 -0.808071 0.579549
1742016044.184868 -79.966919 -78.616333 12.815235 -0.087065 0.060344 -0.848112 0.519118
1742016045.186709 -80.572044 -79.254562 12.733912 -0.107375 0.031664 -0.847436 0.518960
1742016046.186928 -80.844765 -79.954422 12.583984 -0.049548 0.026863 -0.768347 0.637547
1742016047.187118 -81.062317 -80.576141 12.551359 -0.055945 0.031932 -0.739940 0.669582
1742016048.187310 -81.506660 -81.112984 12.397141 -0.010289 0.066884 -0.834557 0.546749
1742016049.254178 -82.271255 -81.329140 12.263961 0.006867 -0.117511 0.967504 -0.223786
1742016050.254359 -82.785263 -81.669098 12.149308 0.020429 -0.088031 0.935452 -0.341705
1742016051.254546 -83.044846 -81.980949 11.928144 0.010475 0.093128 -0.819914 0.564764
1742016052.254743 -83.295677 -82.274872 11.831356 -0.031773 0.097515 -0.682061 0.724068
1742016053.289507 -83.202713 -82.600510 11.712487 -0.020786 0.088152 -0.632575 0.769185
1742016054.324278 -83.280685 -83.126572 11.553877 -0.008601 0.040586 -0.704148 0.708840
1742016055.357549 -83.364311 -83.833092 11.329624 -0.042297 0.060867 -0.733346 0.675803
1742016056.390804 -83.694763 -84.743553 11.081594 0.009604 0.072769 -0.761843 0.643590
1742016057.457390 -84.115089 -85.697502 10.730365 0.005207 0.081327 -0.814064 0.575029
1742016058.490650 -84.404953 -86.440430 10.584874 0.000146 0.087084 -0.850554 0.518627
1742016059.523932 -84.871902 -87.162346 10.523750 0.017532 0.071162 -0.855043 0.513351
1742016060.524927 -85.455551 -87.924515 10.364571 0.054722 0.028764 -0.850996 0.521522
1742016061.558807 -85.836205 -88.815979 10.198836 0.033797 0.052014 -0.827739 0.557674
1742016062.558955 -86.273003 -89.804291 10.072833 -0.038856 0.025970 -0.835094 0.548119
1742016063.592466 -86.758324 -90.745430 9.856579 -0.004909 0.047933 -0.854132 0.517820
1742016064.592652 -87.246284 -91.398666 9.670900 0.021799 -0.066420 0.866851 -0.493642
1742016065.592832 -87.843948 -92.080254 9.484896 0.001950 -0.058663 0.889058 -0.454017
1742016066.593035 -88.319756 -92.760406 9.383555 -0.037830 -0.069672 0.885228 -0.458351
1742016067.593207 -89.149521 -93.423264 9.306007 -0.012508 -0.079524 0.914452 -0.396608
1742016068.626738 -89.857651 -94.098480 9.222802 0.001265 -0.096631 0.908679 -0.406156
1742016069.661580 -90.521606 -94.640450 9.107097 0.004244 -0.118141 0.876553 -0.466561
1742016070.662264 -91.164948 -95.127357 9.081657 -0.049893 -0.087227 0.864608 -0.492297
1742016071.696039 -91.742134 -95.791840 8.961664 -0.015956 -0.089971 0.869871 -0.484742
1742016072.698234 -92.288734 -96.351036 8.889832 -0.031899 -0.100792 0.865883 -0.488947
1742016073.732170 -92.564636 -96.888390 8.848940 0.007060 0.093189 -0.768941 0.632453
1742016074.732455 -92.920120 -97.460495 8.700239 -0.019312 0.100532 -0.776269 0.622035
1742016075.766025 -93.417061 -97.824020 8.528994 -0.034722 0.103814 -0.718096 0.687281
1742016076.766240 -93.633568 -98.327744 8.423164 -0.030912 0.104263 -0.624092 0.773746
1742016077.766443 -93.620544 -98.958733 8.190623 -0.036215 0.103390 -0.638908 0.761443
1742016078.799977 -93.761581 -99.951363 7.960864 -0.026113 0.095524 -0.730274 0.675939
1742016079.833555 -93.855873 -100.929123 7.768707 -0.032412 0.126826 -0.745799 0.653184
1742016080.833768 -94.082695 -101.895058 7.624651 0.037908 0.132054 -0.743530 0.654437
1742016081.867332 -94.541527 -102.973824 7.479088 -0.001267 0.090445 -0.742853 0.663316
1742016082.900948 -95.188431 -103.855370 7.546819 -0.011963 0.105100 -0.821454 0.560378
1742016083.934520 -95.855370 -104.764130 7.502363 -0.038554 0.100673 -0.810314 0.575994
1742016084.968094 -96.039207 -105.648460 7.441449 0.001570 0.082128 -0.756530 0.648779
1742016085.968322 -96.355911 -106.396721 7.354284 0.015509 0.093369 -0.810525 0.578006
1742016086.968563 -96.923409 -107.121620 7.237251 0.012525 0.093930 -0.830292 0.549214
1742016087.968921 -97.609772 -107.866211 7.174825 -0.007926 0.131999 -0.817416 0.560664
1742016088.970554 -98.237617 -108.615936 7.099842 -0.002483 0.126922 -0.842068 0.524220
1742016089.973256 -98.747978 -109.197014 7.101664 -0.022751 -0.108517 0.860601 -0.497063
1742016090.973480 -99.216362 -109.428391 7.096870 -0.021627 -0.072548 0.893180 -0.443281
1742016092.006983 -99.652962 -109.396477 7.055044 -0.055900 -0.082784 0.969586 -0.223440
1742016093.073859 -99.817535 -109.346825 7.121195 -0.031569 -0.047671 0.998337 -0.007422
1742016094.074034 -99.696075 -109.124352 7.147729 -0.023018 -0.058378 0.957783 0.280560
1742016095.107535 -99.998878 -109.208954 6.963583 -0.073541 -0.027301 0.992258 0.096287
1742016096.107720 -100.443260 -109.060661 6.859973 -0.074467 -0.053255 0.994893 -0.042500
1742016097.141260 -100.848442 -108.988808 6.635945 -0.059697 -0.057557 0.994565 0.062965
1742016098.174848 -101.282127 -108.745918 6.331408 -0.097016 0.003989 0.965922 0.239931
1742016099.208456 -101.513947 -108.586319 6.213334 -0.079393 -0.029221 0.971901 0.219664
1742016100.241991 -101.447914 -108.519180 6.315814 -0.042380 -0.014456 0.905077 0.422884
1742016101.275496 -101.097214 -108.448837 6.352079 -0.073942 0.024511 0.641587 0.763084
1742016103.375843 -101.015198 -108.438576 6.359612 -0.055736 0.071798 0.577677 0.811189
1742016104.376040 -100.817039 -108.434769 6.374716 -0.072653 0.055462 0.405175 0.909659
1742016105.410330 -100.438446 -108.661224 6.446483 -0.050651 0.011771 0.216338 0.974933
1742016106.411392 -100.238297 -108.694412 6.432392 -0.030974 0.056673 0.181713 0.981228
1742016107.446546 -99.875809 -108.830902 6.681843 -0.071082 0.039866 0.143426 0.986300
1742016108.447993 -99.409286 -108.926132 6.901901 -0.091688 0.024807 0.284368 0.953998
1742016109.514848 -98.831680 -108.615845 7.045037 -0.108583 0.002587 0.420015 0.900994
1742016110.515012 -98.137199 -108.037430 7.150934 -0.103918 -0.008000 0.443288 0.890299
1742016111.515165 -97.446465 -107.432152 7.162405 -0.079236 -0.016584 0.512222 0.855029
1742016112.549731 -96.833221 -106.741058 7.231400 -0.090583 0.005696 0.534675 0.840169
1742016113.583736 -96.321693 -105.971741 7.282784 -0.088464 -0.004744 0.551772 0.829276
1742016114.584910 -96.071846 -105.152321 7.384173 -0.105022 0.024285 0.590085 0.800113
1742016115.585392 -95.461250 -104.261765 7.431033 -0.093712 0.000817 0.465428 0.880110
1742016116.618560 -94.841454 -103.369202 7.398602 -0.132776 0.039769 0.468466 0.872541
1742016117.685074 -94.390076 -102.437973 7.498873 -0.104653 0.015206 0.580525 0.807346
1742016118.751581 -94.137657 -101.344261 7.603539 -0.068138 -0.000039 0.672155 0.737269
1742016119.818081 -93.940475 -100.391449 7.768497 -0.042547 0.001317 0.714641 0.698195
1742016120.917955 -93.935928 -99.780403 7.732768 -0.079698 0.017295 0.716144 0.693172
1742016121.984470 -93.837242 -98.699707 7.925916 -0.082171 -0.033745 0.684862 0.723238
1742016123.017818 -93.529839 -97.965584 8.215477 -0.068022 -0.007718 0.562400 0.824026
1742016124.052409 -93.331284 -97.289948 8.397181 -0.065319 0.018760 0.495423 0.865990
1742016125.052523 -92.609741 -96.778908 8.644047 -0.087338 0.025143 0.382551 0.919453
1742016126.119313 -91.989655 -96.175278 8.747963 -0.081300 0.021827 0.392424 0.915924
1742016127.186098 -91.232910 -95.411537 8.953200 -0.060271 0.011268 0.347442 0.935695
1742016128.186471 -90.614899 -94.786407 9.068722 -0.074315 0.030822 0.343133 0.935835
1742016129.220737 -89.872726 -94.128578 9.102512 -0.090705 0.027663 0.415107 0.904817
1742016130.221315 -89.020065 -93.540146 9.259790 -0.060160 -0.017713 0.411582 0.909212
1742016131.255695 -88.395920 -92.871880 9.264727 -0.066586 0.018290 0.449029 0.890845
1742016132.289481 -87.649940 -92.141899 9.392173 -0.065212 0.015717 0.457970 0.886433
1742016133.289943 -86.994164 -91.449997 9.470276 -0.071699 -0.015386 0.470660 0.879262
1742016134.357076 -86.477585 -90.636131 9.567865 -0.079817 0.029042 0.477525 0.874503
1742016135.357496 -86.049454 -89.767731 9.670959 -0.068861 0.025839 0.472913 0.878034
1742016136.357918 -85.887962 -89.079567 9.785989 -0.061082 0.009166 0.553884 0.830300
1742016137.358374 -85.662994 -88.536476 9.840097 -0.054139 0.017924 0.584973 0.809045
1742016138.358838 -85.286331 -87.886040 10.026829 -0.057823 0.013380 0.558813 0.827167
1742016139.425979 -84.791237 -87.224358 10.190526 -0.039805 -0.025778 0.539698 0.840522
1742016140.459759 -84.370644 -86.551949 10.347990 -0.042173 -0.012753 0.542533 0.838878
1742016141.460188 -84.179199 -85.877747 10.525345 -0.006553 -0.038698 0.639911 0.767446
1742016142.527310 -83.968948 -84.971489 10.811619 0.005672 -0.045107 0.655122 0.754155
1742016143.561085 -83.643654 -84.216156 11.076017 -0.024242 -0.069462 0.616966 0.783544
1742016144.594875 -83.420364 -83.342232 11.442115 -0.033040 -0.058455 0.687872 0.722720
1742016145.595308 -83.254639 -82.744118 11.578925 -0.047392 -0.102867 0.590103 0.799344
1742016146.595733 -83.018761 -82.424561 11.770692 -0.046088 -0.029677 0.400802 0.914524
1742016147.629505 -82.889618 -82.051552 11.859241 0.024959 0.032295 0.299313 0.953282
1742016148.663307 -82.429420 -81.665398 11.955318 -0.053949 -0.000109 0.267736 0.961981
1742016149.663750 -81.900658 -81.208229 11.929032 -0.080798 0.007642 0.388899 0.917699
1742016150.664208 -81.334053 -80.537811 12.063811 -0.101268 -0.002606 0.490513 0.865526
1742016151.731356 -80.925774 -79.827309 12.412389 -0.090744 0.009225 0.539558 0.836993
1742016152.798486 -80.508659 -79.252823 12.539762 -0.130302 -0.040044 0.510453 0.849032
1742016153.832284 -80.020622 -78.648933 12.611403 -0.118199 -0.002362 0.442924 0.888730
1742016154.832747 -79.350952 -78.211983 12.750863 -0.079418 0.054213 0.347409 0.932771
1742016155.833197 -78.900368 -77.686783 12.789096 -0.105631 0.070305 0.442788 0.887602
1742016156.833638 -78.289673 -77.112671 12.887154 -0.100761 0.026874 0.392519 0.913813
1742016157.834063 -77.539490 -76.674629 12.989006 -0.078655 0.024246 0.273710 0.958284
1742016158.834509 -76.762527 -76.328674 13.030277 -0.061731 0.057936 0.260051 0.961876
1742016159.901658 -76.033691 -76.010269 13.030077 -0.079370 0.065952 0.404263 0.908802
1742016160.902097 -75.429459 -75.818909 13.074899 -0.064126 0.033007 0.368344 0.926888
1742016161.935917 -75.023354 -75.746727 13.386050 -0.061310 0.018362 0.528439 0.846555
1742016162.936365 -74.903076 -75.507149 13.717131 -0.098569 0.014233 0.619729 0.778472
1742016163.936800 -74.730766 -75.072029 13.621022 -0.063394 0.027139 0.640334 0.764995
1742016164.970575 -74.462402 -74.696777 13.400925 -0.095066 0.001167 0.779228 0.619488
1742016165.971003 -74.277435 -74.165657 13.054255 -0.113302 -0.006006 0.649986 0.751428
1742016167.004783 -74.011688 -73.382744 13.076695 -0.093043 -0.003460 0.619966 0.779085
1742016168.005238 -73.548180 -72.566986 13.137668 -0.120775 0.035324 0.587337 0.799501
1742016169.005692 -73.370544 -71.944885 13.156438 -0.120897 0.066844 0.661170 0.737408
1742016170.072813 -73.219261 -71.299530 13.219818 -0.118409 0.042185 0.737239 0.663836
1742016171.073277 -73.222633 -70.553108 13.134349 -0.093488 -0.011689 0.749495 0.655271
1742016172.073834 -73.159836 -69.796181 13.116286 -0.086700 -0.012188 0.615459 0.783291
1742016173.074238 -72.868309 -69.126015 13.085088 -0.080703 -0.036173 0.556496 0.826130
1742016174.107984 -72.501030 -68.487007 13.050734 -0.097881 0.031505 0.577627 0.809798
1742016175.141764 -72.184914 -67.881805 13.001429 -0.103747 0.055562 0.535033 0.836594
1742016176.175547 -71.695671 -67.324089 12.867443 -0.125163 0.121030 0.502324 0.846969
1742016177.175967 -70.855026 -66.704826 12.816628 -0.128526 0.096647 0.422288 0.892084
1742016178.209770 -70.168564 -66.100700 12.942781 -0.129934 0.049352 0.560400 0.816477
1742016179.276907 -69.754295 -65.420227 12.949550 -0.112955 0.001990 0.691985 0.713017
1742016180.277347 -69.390144 -64.492058 12.880424 -0.099991 0.005826 0.682155 0.724315
1742016181.311112 -69.107567 -63.501461 12.819437 -0.123992 0.054703 0.657577 0.741098
1742016182.311528 -68.930962 -62.664150 12.568781 -0.150013 -0.010858 0.749250 0.644983
1742016183.311933 -68.764191 -61.753834 12.510810 -0.108685 0.023545 0.790269 0.602585
1742016184.345697 -68.340897 -60.762539 12.768468 -0.123939 0.002961 0.654940 0.745442
1742016185.379505 -67.910774 -59.821228 12.782175 -0.102167 0.025107 0.595356 0.796544
1742016188.180853 -66.760956 -57.399075 12.753830 -0.104291 0.004804 0.637091 0.763686
1742016189.181274 -66.489380 -56.419304 12.762033 -0.109475 -0.004008 0.635255 0.764493
1742016190.181696 -66.189682 -55.501072 12.764207 -0.088718 0.020963 0.619620 0.779590
1742016191.182132 -65.776993 -54.637863 12.780184 -0.127112 0.076076 0.562937 0.813116
1742016192.182564 -65.284492 -53.840382 12.796485 -0.117704 0.053048 0.532366 0.836611
1742016193.249694 -64.938942 -52.956982 12.836909 -0.120847 0.035795 0.610609 0.781838
1742016194.250893 -64.524773 -52.187168 12.842678 -0.113444 0.048382 0.582895 0.803133
1742016195.319834 -64.024841 -51.299526 12.845225 -0.130013 0.072743 0.539778 0.828519
1742016196.320014 -63.580849 -50.430416 12.877005 -0.109422 0.035486 0.556842 0.822614
1742016197.320168 -63.060726 -49.583221 12.890882 -0.124844 0.048920 0.564121 0.814732
1742016198.320352 -62.593857 -48.733486 12.869256 -0.125752 0.056641 0.607186 0.782498
1742016199.353855 -62.298393 -47.862972 12.929799 -0.122737 0.045228 0.703008 0.699049
1742016200.354038 -62.274532 -47.009174 12.903562 -0.131074 0.018149 0.730170 0.670330
1742016201.387678 -62.097496 -46.041363 12.908584 -0.112418 0.027631 0.679010 0.724944
1742016202.387986 -61.774773 -44.991928 12.813215 -0.090888 0.005477 0.622620 0.777209
1742016203.421506 -61.338200 -44.072769 12.726042 -0.086307 0.010548 0.578309 0.811171
1742016204.421650 -60.958912 -43.175697 12.684736 -0.112396 0.052057 0.641096 0.757399
1742016205.421791 -60.494522 -42.273582 12.655384 -0.099246 0.052661 0.575393 0.810123
1742016206.421936 -59.824528 -41.425911 12.614916 -0.084599 0.047598 0.508969 0.855294
1742016207.455543 -59.323761 -40.590603 12.621178 -0.108922 0.080984 0.550473 0.823746
1742016208.489155 -59.159344 -39.751999 12.551361 -0.136441 0.089306 0.677700 0.717029
1742016209.489313 -58.846233 -38.861706 12.498982 -0.122226 0.047106 0.714013 0.687770
1742016210.523575 -58.491619 -37.748722 12.478246 -0.111972 0.045185 0.682479 0.720863
1742016211.557995 -58.032566 -36.655304 12.352987 -0.101782 0.056220 0.594768 0.795444
1742016212.591739 -57.487057 -35.564034 12.325786 -0.119932 0.080889 0.545959 0.825229
1742016213.592104 -57.047661 -34.619453 12.371763 -0.121270 0.049919 0.601552 0.787995
1742016214.592502 -56.648304 -33.732296 12.368281 -0.112663 0.067472 0.659655 0.740006
1742016215.626261 -56.133244 -32.711411 12.380063 -0.104368 0.099892 0.590126 0.794280
1742016216.660041 -55.437962 -31.751209 12.397169 -0.096482 0.070631 0.528387 0.840541
1742016217.727207 -54.745075 -30.830948 12.384418 -0.102771 0.075654 0.534574 0.835431
1742016218.760998 -53.981247 -29.970743 12.406421 -0.097267 0.096866 0.490412 0.860612
1742016219.794756 -53.220737 -29.170687 12.418024 -0.100826 0.031448 0.475745 0.873219
1742016220.795156 -52.648491 -28.366732 12.407461 -0.119586 0.045232 0.569431 0.812035
1742016221.828917 -52.062138 -27.440559 12.421495 -0.112028 0.037596 0.631223 0.766546
1742016222.862662 -51.595657 -26.460117 12.395686 -0.119825 0.034174 0.669018 0.732727
1742016223.863172 -51.298424 -25.530602 12.396683 -0.128462 0.071245 0.703831 0.695014
1742016224.863663 -51.103905 -24.643530 12.255383 -0.123297 -0.015264 0.761031 0.636708
1742016225.864131 -50.994530 -23.696379 12.104990 -0.115225 0.020658 0.763499 0.635111
1742016226.897902 -50.775620 -22.484488 11.851627 -0.128385 0.055183 0.698050 0.702281
1742016227.898366 -50.708889 -21.324526 11.704482 -0.155922 0.028593 0.748503 0.643906
1742016228.932147 -50.811253 -20.365768 11.549979 -0.172348 0.043882 0.825334 0.535904
1742016229.968276 -51.167862 -19.470264 11.517016 -0.081006 -0.029805 0.882817 0.461719
1742016230.968604 -51.677372 -18.777895 11.346651 -0.106191 -0.032661 0.922227 0.370344
1742016232.002153 -52.168037 -17.764996 11.113441 -0.129125 -0.034313 0.897053 0.421242
1742016233.035663 -52.814301 -16.693674 10.840988 -0.108160 -0.026948 0.849019 0.516470
1742016234.069162 -53.169624 -15.431687 10.651340 -0.111071 -0.039701 0.803183 0.583939
1742016235.069380 -53.287479 -14.279406 10.507168 -0.123327 0.001677 0.794446 0.594679
1742016236.069556 -53.433502 -13.159204 10.424685 -0.134328 -0.004329 0.799783 0.585051
1742016237.103085 -53.258636 -11.984276 10.299286 -0.105175 -0.002494 0.701583 0.704778
1742016238.136627 -52.906937 -10.986439 10.147041 -0.060503 0.023828 0.593281 0.802365
1742016239.170174 -52.833527 -10.344710 10.064399 -0.083973 0.021832 0.648411 0.756330
1742016240.170349 -52.808453 -9.680294 9.968613 -0.106246 -0.008328 0.718993 0.686798
1742016241.203944 -53.139393 -9.087453 9.885880 -0.118464 -0.002216 0.914961 0.385757
1742016242.204132 -53.550644 -8.533390 9.816714 -0.147976 -0.026013 0.943491 0.295384
1742016243.237641 -53.992920 -8.124784 9.764012 -0.163975 0.031578 0.951708 0.257619
1742016244.237817 -53.927464 -7.850707 9.674915 -0.109813 0.073815 0.867091 0.480256
1742016245.238270 -54.070175 -7.758555 9.542420 -0.079663 0.087203 0.851714 0.510522
1742016246.273081 -54.316372 -7.427499 9.416970 -0.097678 0.074502 0.819757 0.559381
1742016247.306894 -54.864590 -7.329149 9.324245 -0.107456 -0.014829 0.981592 0.157197
1742016248.340676 -55.123642 -7.255440 9.184680 -0.112231 0.003926 0.990400 0.080603
1742016249.374433 -55.434338 -6.906349 8.734170 -0.116222 0.016189 0.973744 0.195070
1742016250.374863 -56.015194 -6.170469 8.330661 -0.144084 0.030456 0.890447 0.430599
1742016251.408655 -56.171333 -5.415332 8.225209 -0.137493 0.014394 0.863682 0.484708
1742016252.409083 -56.343838 -4.855901 8.112026 -0.123669 0.044316 0.891365 0.433833
1742016253.409520 -56.331799 -4.216420 7.975483 -0.053542 0.128148 0.773180 0.618792
1742016254.443328 -56.520134 -4.097579 7.834748 -0.048638 0.156774 0.636513 0.753596
1742016255.477132 -56.730652 -3.915694 7.647940 -0.027181 0.157469 0.536693 0.828508
1742016256.510922 -56.858704 -3.697221 7.372587 -0.141758 0.079441 0.647901 0.744190
1742016257.545954 -56.927242 -3.418604 7.367396 -0.166833 0.088958 0.711753 0.676507
1742016258.614308 -56.816200 -3.070030 7.188331 -0.152046 0.047515 0.771714 0.615697
1742016259.647854 -56.879623 -2.389694 6.857893 -0.172126 0.027153 0.781831 0.598646
1742016260.681394 -56.758842 -1.821829 5.951016 -0.279734 0.019545 0.813236 0.509916
1742016261.683667 -56.918240 -1.336741 6.366676 -0.235759 -0.011694 0.840443 0.487787
1742016262.684987 -57.086567 -0.857587 6.326490 -0.148639 -0.021327 0.791690 0.592181
1742016263.751547 -56.760693 -0.010563 5.920268 -0.137369 -0.023340 0.637952 0.757366
1742016264.818032 -55.888992 -0.066511 5.904026 -0.125045 0.066678 0.211474 0.967056
1742016265.851170 -55.190865 -0.644601 5.928690 -0.112894 0.115163 -0.044655 0.985900
1742016266.884307 -54.471123 -1.014416 5.904680 -0.056878 0.133092 -0.150525 0.977954
1742016267.917446 -53.617012 -1.426520 6.072055 -0.102412 0.061718 -0.159988 0.979850
1742016268.983901 -52.932800 -1.834188 6.181664 -0.075664 0.039824 -0.108225 0.990443
1742016270.083710 -52.159866 -2.106076 6.211475 -0.083912 0.080031 0.015391 0.993135
1742016271.150439 -51.290157 -2.564305 6.411108 -0.089665 0.063886 -0.020774 0.993704
1742016272.185917 -50.492283 -2.685990 6.678524 -0.103553 0.032259 0.168512 0.979714
1742016273.218986 -49.408791 -2.890747 6.942750 -0.080392 0.069206 0.003587 0.994352
1742016274.219932 -48.517971 -3.153333 7.250648 -0.083549 0.058295 -0.104837 0.989258
1742016275.253115 -47.635307 -3.492659 7.441482 -0.082922 0.090749 -0.163683 0.978824
1742016276.253387 -46.768688 -3.885481 7.638113 -0.090304 0.076254 -0.128867 0.984593
1742016277.289365 -45.861462 -4.429819 7.943561 -0.111262 0.070619 -0.151983 0.979559
1742016278.292930 -45.068325 -5.102999 8.028792 -0.077977 0.117370 -0.275108 0.951031
1742016279.359239 -44.186001 -5.642797 8.243000 -0.081840 0.072588 -0.214850 0.970501
1742016280.425581 -43.328037 -6.428846 8.361681 -0.078032 0.112051 -0.266453 0.954127
1742016281.458611 -42.687592 -7.262447 8.560085 -0.109264 0.088904 -0.281420 0.949189
1742016282.491715 -42.108219 -7.994331 8.715210 -0.099235 0.104345 -0.235724 0.961092
1742016283.524734 -41.381912 -8.469070 8.811687 -0.104465 0.100950 -0.166622 0.975261
1742016284.624372 -40.505405 -9.205038 9.033538 -0.101626 0.098132 -0.249476 0.958021
1742016285.690681 -39.899601 -9.982668 9.227195 -0.075668 0.112858 -0.261268 0.955655
1742016286.723701 -39.119984 -10.846907 9.347302 -0.092190 0.112998 -0.223958 0.963626
1742016287.724210 -38.301582 -11.500462 9.345203 -0.100267 0.100627 -0.186900 0.972054
1742016288.724724 -37.417751 -11.977232 9.346159 -0.108795 0.089525 -0.098338 0.985129
1742016289.758015 -36.508560 -12.452422 9.284050 -0.116625 0.064769 0.044582 0.990059
1742016290.791268 -35.628120 -12.752987 9.286729 -0.119879 0.069316 0.227743 0.963824
1742016291.824507 -34.627483 -12.838268 9.169020 -0.137895 0.064961 0.348873 0.924691
1742016292.825430 -33.625076 -12.833161 9.042160 -0.149729 0.048117 0.334393 0.929219
1742016293.960623 -32.747402 -12.619327 8.899364 -0.149319 0.028202 0.428972 0.890445
1742016294.994648 -32.078247 -12.453176 8.656458 -0.153678 0.075924 0.327392 0.929211
1742016296.061776 -31.513597 -12.201386 8.310156 -0.136709 0.090087 0.272487 0.948128
1742016297.062187 -30.979340 -11.866808 8.334488 -0.140390 0.040275 0.356391 0.922851
1742016298.062670 -30.506016 -11.603717 8.346980 -0.124000 0.090853 0.388604 0.908491
1742016299.096500 -29.814537 -11.270645 7.955317 -0.138066 0.073303 0.381117 0.911216
1742016300.163632 -28.984789 -10.924840 7.792282 -0.156002 0.038984 0.381672 0.910203
1742016301.164056 -28.427040 -10.607195 7.599073 -0.156976 0.032113 0.359591 0.919250
1742016302.200342 -27.885548 -10.321465 7.278773 -0.177915 0.065994 0.352593 0.916335
1742016303.200507 -27.416157 -10.109756 7.132220 -0.162893 0.088791 0.357919 0.915137
1742016304.200666 -26.989832 -9.822361 6.996372 -0.156873 0.067580 0.405881 0.897822
1742016305.300868 -26.498781 -9.504600 6.697425 -0.174377 0.073061 0.352610 0.916472
1742016306.301078 -26.198399 -9.348677 6.695327 -0.148240 0.082011 0.406181 0.897951
1742016307.401268 -25.955193 -9.149149 6.642010 -0.163700 0.087766 0.412279 0.891922
1742016308.434775 -25.425735 -8.915383 6.389192 -0.163999 0.048221 0.437754 0.882695
1742016309.468307 -25.032101 -8.640252 6.120914 -0.140557 0.014664 0.487279 0.861735
1742016310.468518 -24.674517 -8.319826 6.006727 -0.173532 0.058406 0.484613 0.855352
1742016311.468713 -24.406977 -8.111920 5.806366 -0.145942 0.036906 0.478492 0.865092
1742016312.535586 -24.110647 -7.892271 5.450764 -0.134602 0.021265 0.483025 0.864938
1742016313.535778 -23.676458 -7.642898 5.180301 -0.138514 0.063052 0.415704 0.896676
1742016314.569329 -23.021322 -7.328835 4.787619 -0.146783 0.037894 0.344463 0.926480
1742016315.569556 -22.481028 -7.167288 4.361478 -0.146446 0.048020 0.364874 0.918213
1742016316.569754 -22.079945 -6.920207 4.195505 -0.142920 0.066326 0.439523 0.884305
1742016317.637261 -21.367489 -6.586159 3.828773 -0.145704 0.036084 0.404433 0.902165
1742016318.705158 -20.888311 -6.310514 3.630445 -0.135500 0.042224 0.506563 0.850442
1742016319.705649 -20.229599 -5.722470 3.233401 -0.145948 0.041914 0.499130 0.853119
1742016320.739418 -19.666553 -5.397735 2.941333 -0.138401 0.067468 0.459342 0.874813
1742016321.739850 -19.009573 -4.967464 2.550676 -0.166357 0.075435 0.413232 0.892118
1742016322.740286 -18.493841 -4.580517 2.358029 -0.158595 0.109370 0.410607 0.891228
1742016323.774064 -18.167191 -4.392115 2.316263 -0.138946 0.090779 0.467867 0.868075
1742016324.774491 -17.657858 -4.037055 1.965316 -0.140506 0.110758 0.505174 0.844269
1742016325.774927 -16.914858 -3.488476 1.841263 -0.142737 0.077695 0.451595 0.877298
1742016326.808706 -15.984440 -3.236678 1.560819 -0.131550 0.104012 0.307099 0.936785
1742016327.809133 -15.065319 -3.166885 1.348057 -0.117362 0.148680 0.172650 0.966598
1742016328.809548 -14.326576 -3.095656 1.272567 -0.117440 0.160338 0.171236 0.964976
1742016329.809990 -13.574913 -3.045363 0.897409 -0.091012 0.185551 0.125545 0.970323
1742016330.810436 -12.670728 -2.843910 0.842168 -0.121595 0.130063 0.158464 0.971178
1742016331.844230 -11.839840 -2.939702 0.822466 -0.110966 0.183103 0.174279 0.961138
1742016332.844661 -10.998212 -2.865995 0.604545 -0.108934 0.155547 0.160099 0.968662
1742016333.878442 -10.024645 -2.694885 0.496840 -0.138067 0.146405 0.152818 0.967548
1742016334.878917 -9.113454 -2.369023 0.425124 -0.147075 0.110529 0.231630 0.955249
1742016335.912731 -8.167481 -2.042665 0.336861 -0.177275 0.107647 0.288119 0.934865
1742016336.946563 -7.217296 -1.742206 0.300671 -0.143858 0.072905 0.335274 0.928214
1742016337.980332 -6.288744 -1.307933 0.153879 -0.151512 0.086466 0.416495 0.892244
1742016339.014178 -5.433507 -0.927063 0.041559 -0.139912 0.050164 0.452428 0.879328
1742016340.047982 -4.701773 -0.797154 0.004196 -0.159569 0.089379 0.453200 0.872444
1742016341.081758 -4.429172 -0.776924 -0.010498 -0.145083 0.072592 0.521753 0.837529
1742016342.115714 -4.212622 -0.576822 -0.056516 -0.150028 0.069352 0.557214 0.813753
1742016343.149466 -3.833439 -0.525098 -0.058416 -0.148637 0.065210 0.537786 0.827309
1742016344.185802 -3.681538 -0.313650 -0.080788 -0.159287 0.055442 0.575254 0.800398
1742016373.862201 -2.746742 -0.141312 -0.112160 -0.127030 0.135490 0.362116 0.913443
1742016374.862372 -2.424525 -0.087318 -0.102912 -0.111816 0.107177 0.298699 0.941695
1742016375.895880 -1.742754 0.031511 -0.066530 -0.102352 0.108695 0.285976 0.946534
1742016376.930420 -1.037988 0.139949 -0.053275 -0.103691 0.136766 0.288812 0.941876
1742016377.964608 -0.368902 0.272621 -0.009997 -0.096094 0.156135 0.333139 0.924882
1742016378.965117 0.455180 0.577717 0.037717 -0.079830 0.104125 0.286493 0.949056
1742016380.000834 1.212494 0.880938 0.025448 -0.101611 0.082335 0.221999 0.966236
1742016381.035097 1.994036 1.028767 0.020741 -0.091334 0.072011 0.212654 0.970181
1742016382.068866 2.165244 1.084416 0.005431 -0.045215 0.123994 0.048175 0.990081
1742016383.069059 2.039692 1.147243 -0.044749 0.012540 0.195800 -0.311251 0.929854
1742016384.069210 1.714106 0.991706 -0.045601 0.068235 0.208962 -0.584630 0.780952
1742016385.102659 1.398388 0.851899 -0.000725 0.065345 0.150810 -0.728202 0.665363
1742016386.136113 1.026999 0.505060 0.013264 0.059626 0.130468 -0.755458 0.639301
1742016387.169590 0.504517 0.325487 0.011533 0.065934 0.118611 -0.782867 0.607210
1742016388.169727 0.229168 0.213662 0.012899 0.094459 0.147588 -0.778056 0.603262
1742016389.203237 0.295429 0.197317 0.011997 0.078081 0.155335 -0.709813 0.682598
1742016395.437830 0.301605 0.171879 0.007275 0.056235 0.148517 -0.752897 0.638691
1742016396.472674 0.170465 0.170522 0.012705 0.062517 0.140148 -0.792323 0.590487
1742016397.506509 0.020521 0.124610 0.023563 0.058602 0.141955 -0.848758 0.505988
1742016398.507081 0.045295 0.046121 0.024775 -0.076043 -0.133810 0.890023 -0.429153
1742016399.540873 0.012811 0.089113 0.025545 -0.076860 -0.134211 0.947876 -0.278587
1742016400.541325 0.093220 0.169653 0.085643 -0.109834 -0.113018 0.982452 -0.099758
1742016402.642214 0.072573 0.228036 0.082981 -0.127370 -0.109586 0.984387 -0.052434
1742016403.642653 -0.017045 0.313421 0.027869 -0.101830 -0.110344 0.977989 -0.144888
1742016404.643050 -0.166964 0.583176 -0.010760 -0.099745 -0.119465 0.963516 -0.217751
1742016405.676828 -0.260573 0.683177 -0.012283 -0.121817 -0.114646 0.985867 -0.009120
1742016406.710630 -0.101296 0.752031 0.011036 -0.130720 -0.090883 0.980644 0.113971
1742016407.711096 -0.063168 0.605195 -0.000436 -0.170951 -0.050042 0.955518 0.235067
1742016408.744887 -0.037280 0.659709 0.017775 -0.161998 -0.057398 0.922778 0.344880
1742016409.745308 0.035174 0.811534 0.023732 -0.152995 -0.066688 0.929295 0.329478
1742016416.881772 0.084039 0.966047 -0.001789 -0.197051 -0.051956 0.880775 0.427443
1742016420.016472 0.046304 0.909964 0.004904 -0.188357 -0.061319 0.917866 0.343924
1742016428.324058 0.168690 1.031614 -0.023097 -0.215844 -0.034046 0.864556 0.452542
1742016429.357282 0.151847 1.192563 -0.047996 -0.227712 -0.016987 0.886035 0.403486
1742016430.390530 0.363192 1.182563 -0.019362 -0.189144 -0.001132 0.889098 0.416807
1742016431.457098 0.251726 1.114049 -0.031279 -0.178750 0.015263 0.871741 0.455942
1742016439.792364 0.214387 1.073061 -0.028041 -0.191245 -0.045582 0.899309 0.390629
1742016442.861263 0.234968 1.101287 -0.021627 -0.168044 -0.021660 0.877139 0.449355
1742016443.861472 0.259086 1.106987 -0.025443 -0.167457 -0.008678 0.874046 0.455989
1742016444.928363 0.287759 1.139230 -0.004393 -0.168497 -0.031390 0.931010 0.322247
1742016445.995229 0.232197 1.107117 0.049104 -0.046696 -0.077601 0.989296 0.114415
1742016447.062086 0.191472 1.078634 0.035056 -0.142453 -0.017015 0.989533 -0.015561
1742016448.128958 0.114162 1.167769 -0.008513 -0.163803 -0.029555 0.981653 0.093018
1742016450.229336 0.440620 0.760311 0.044649 -0.076475 -0.021317 0.978328 -0.191238
1742016451.262879 0.893302 0.488312 0.041696 -0.079997 -0.091734 0.952012 -0.280817
1742016452.263115 1.404111 0.596492 0.021789 -0.116426 -0.114745 0.940731 -0.297161
1742016453.329987 1.791505 0.825802 -0.002617 -0.168864 -0.103533 0.977146 -0.077143
1742016454.365063 2.049848 0.761152 0.064626 -0.169424 -0.023696 0.949522 0.262948
1742016455.365497 2.223334 0.700786 0.072017 -0.152089 0.021762 0.815601 0.557845
1742016456.365924 2.357197 0.519615 0.041194 -0.136107 0.077544 0.675657 0.720382
1742016457.399715 2.428409 0.403844 -0.198112 -0.145745 0.117050 0.549633 0.814225
1742016458.400134 2.347106 0.313589 -0.295368 -0.191315 0.063482 0.501771 0.841186
1742016459.467281 2.355660 0.332452 -0.362049 -0.183381 0.155068 0.500369 0.831839
