#timestamp x y z qx qy qz qw
1742014735.779746 0.000000 -0.000000 0.000000 0.231855 0.279008 -0.633157 0.683747
1742014737.910747 0.055413 0.041999 0.013165 0.235153 0.251993 -0.684432 0.642460
1742014738.939953 -0.029171 -0.021434 0.115218 0.143114 0.148857 -0.778988 0.592063
1742014740.002074 -0.337989 0.099625 0.178543 0.106918 0.114176 -0.817829 0.553794
1742014741.030098 -0.404453 0.082763 0.168727 0.115425 0.104972 -0.850526 0.502259
1742014742.095549 -0.428113 0.057530 0.088346 -0.193996 -0.127034 0.877183 -0.420450
1742014743.129282 -0.721688 0.167520 0.110789 -0.190707 -0.113463 0.884655 -0.410053
1742014744.163881 -1.283256 0.146012 0.125970 -0.164579 -0.095359 0.902025 -0.387521
1742014745.164685 -1.927399 -0.023692 0.116820 -0.117932 -0.108288 0.878946 -0.449244
1742014746.198311 -2.572590 -0.384540 0.100084 0.089576 0.100416 -0.847810 0.512943
1742014747.233337 -3.348203 -0.810241 0.048911 0.083316 0.086674 -0.850709 0.511704
1742014748.270772 -4.076178 -1.292043 0.001953 0.059919 0.081927 -0.820331 0.562809
1742014749.303741 -4.677151 -2.015708 -0.077053 0.026101 0.092417 -0.766605 0.634897
1742014750.370195 -4.977075 -2.953128 -0.127987 0.006630 0.091318 -0.751795 0.653010
1742014751.436733 -5.013795 -4.044932 -0.134098 0.013334 0.088150 -0.680613 0.727199
1742014752.470186 -5.014266 -5.073115 -0.093875 0.001793 0.097387 -0.652880 0.751172
1742014753.505050 -4.822380 -6.080860 -0.083575 0.023413 0.109376 -0.656381 0.746092
1742014754.540430 -4.827337 -7.200593 0.002102 0.031522 0.092166 -0.708432 0.699026
1742014755.606941 -4.997682 -8.265070 0.053677 0.065960 0.128466 -0.713704 0.685399
1742014756.674405 -5.215436 -9.148922 0.141743 0.048542 0.148169 -0.716863 0.679557
1742014757.675766 -5.470531 -9.875723 0.254388 0.052934 0.162986 -0.712628 0.680290
1742014758.708699 -5.648263 -10.542317 0.354956 0.075368 0.142361 -0.739099 0.654053
1742014759.808271 -5.977319 -11.273440 0.405634 0.050013 0.155677 -0.730190 0.663390
1742014760.874493 -6.227679 -11.989866 0.471674 0.040841 0.155458 -0.710951 0.684626
1742014761.907417 -6.462030 -12.685240 0.514372 0.074930 0.164517 -0.709798 0.680813
1742014762.974081 -6.693565 -13.368852 0.623814 0.064879 0.150427 -0.740191 0.652135
1742014763.974922 -6.913194 -13.838983 0.705459 0.075165 0.134646 -0.720194 0.676418
1742014765.008581 -6.943420 -14.115095 0.763307 0.075228 0.137669 -0.693034 0.703627
1742014767.108365 -6.902756 -14.319083 0.723773 0.089296 0.179126 -0.684939 0.700570
1742014768.174921 -6.969345 -14.677418 0.913756 0.083357 0.143439 -0.705811 0.688700
1742014769.208196 -7.223396 -15.336913 0.988484 0.073484 0.096941 -0.778783 0.615385
1742014770.209523 -7.557220 -16.101892 1.221306 -0.029364 0.041135 -0.781113 0.622340
1742014771.209817 -7.845499 -16.793152 1.501024 0.021928 0.040628 -0.736893 0.674431
1742014772.243314 -8.206145 -17.617870 1.718216 -0.089757 -0.015161 -0.689334 0.718702
1742014773.278350 -8.306180 -18.360159 1.809827 -0.086045 0.004728 -0.674253 0.733455
1742014774.312115 -8.302355 -19.133608 2.101341 -0.052986 0.007639 -0.667486 0.742695
1742014775.345887 -8.417524 -20.143370 2.309762 -0.072352 -0.001822 -0.649083 0.757267
1742014776.346288 -8.320413 -20.905203 2.653491 -0.046270 -0.002501 -0.627896 0.776917
1742014777.346686 -8.351904 -21.691389 2.829310 -0.081886 -0.018111 -0.610481 0.787578
1742014778.347188 -8.268261 -22.523121 3.056807 -0.091554 -0.012739 -0.635963 0.766164
1742014779.347695 -8.208923 -23.088593 3.431098 -0.048704 0.017268 -0.682546 0.729013
1742014780.381472 -8.294807 -23.760109 3.616170 -0.065279 -0.005882 -0.645830 0.760663
1742014781.448623 -8.314305 -24.424866 4.014187 -0.039842 0.028228 -0.690604 0.721583
1742014782.449036 -8.500878 -25.078674 4.156982 -0.067013 -0.000815 -0.697820 0.713131
1742014783.449439 -8.618308 -25.578472 4.611568 -0.107443 -0.017349 -0.689679 0.715890
1742014784.449857 -8.783097 -25.982885 4.796971 -0.132019 -0.059948 -0.682165 0.716678
1742014785.450326 -8.782292 -26.454063 5.033391 -0.118440 -0.046588 -0.660740 0.739746
1742014786.451123 -8.856860 -26.885063 5.205832 -0.104666 -0.039112 -0.629630 0.768818
1742014787.453729 -8.869922 -27.449738 5.445743 -0.056184 -0.013636 -0.661478 0.747732
1742014788.453907 -8.914445 -28.082365 5.732780 -0.064438 0.006376 -0.647224 0.759545
1742014789.487420 -8.927211 -28.809097 6.077607 -0.060178 0.006369 -0.709927 0.701671
1742014790.487609 -8.992131 -29.588774 6.307107 -0.047168 0.019096 -0.673049 0.737845
1742014791.521145 -9.145535 -30.194944 6.512244 -0.093081 -0.003263 -0.691314 0.716526
1742014792.554667 -9.186426 -30.700144 6.753801 -0.063533 -0.002937 -0.672664 0.737209
1742014793.554855 -9.087593 -31.299433 6.790509 -0.057173 -0.012174 -0.652271 0.755729
1742014794.588401 -9.162446 -32.112144 7.108427 -0.072507 0.009210 -0.690345 0.719779
1742014795.588589 -9.247725 -33.003090 7.430356 -0.073485 -0.001114 -0.700558 0.709800
1742014796.588778 -9.322279 -33.844479 7.789268 -0.084506 -0.011261 -0.719789 0.688938
1742014797.588970 -9.351686 -34.638580 7.926945 -0.093288 -0.016250 -0.702573 0.705284
1742014798.655819 -9.553791 -35.451241 8.251024 -0.041410 -0.008514 -0.756589 0.652522
1742014799.689323 -9.657566 -36.274181 8.448953 -0.097299 -0.015059 -0.746814 0.657705
1742014800.689514 -9.817231 -37.323689 8.679372 -0.127662 0.008597 -0.782630 0.609195
1742014801.689719 -9.972228 -37.996330 8.951658 -0.100385 -0.001495 -0.801478 0.589537
1742014802.724768 -10.262326 -38.649113 8.867337 -0.004522 0.067980 -0.786633 0.613651
1742014803.727485 -10.641622 -39.180149 8.939443 0.025545 0.127237 -0.799972 0.585836
1742014804.727667 -11.023474 -39.740433 8.977682 0.059956 0.125426 -0.822057 0.552174
1742014805.727849 -11.449899 -40.242432 9.063553 -0.064844 -0.071153 0.888902 -0.447869
1742014806.728022 -12.127378 -40.550945 9.101236 -0.077079 -0.081143 0.940288 -0.321455
1742014807.728193 -12.691182 -40.695698 9.097943 -0.099945 -0.092158 0.952431 -0.272752
1742014808.795044 -13.261486 -40.952278 9.084888 -0.097636 -0.088569 0.957882 -0.255116
1742014809.795244 -13.765381 -41.211613 9.110994 -0.124579 -0.081042 0.963351 -0.223310
1742014810.828802 -14.321085 -41.291824 9.152204 -0.102708 -0.083341 0.961369 -0.241402
1742014811.829015 -14.760668 -41.461754 9.148346 -0.108958 -0.090385 0.968156 -0.206477
1742014812.862559 -15.144551 -41.469299 9.124147 -0.120550 -0.080565 0.972177 -0.183981
1742014813.862765 -15.527348 -41.609333 9.099717 -0.128865 -0.091359 0.969760 -0.186046
1742014814.862954 -16.026300 -41.611805 9.082044 -0.115495 -0.071543 0.969534 -0.203828
1742014815.896482 -16.411837 -41.625992 9.132141 -0.080007 -0.053112 0.972214 -0.213492
1742014816.930021 -17.033445 -41.797024 9.122663 -0.062723 -0.047194 0.979568 -0.185165
1742014817.963548 -17.528101 -41.905602 8.971577 -0.081226 -0.014295 0.977980 -0.191709
1742014818.998013 -18.373358 -42.023518 8.902168 -0.068390 -0.037934 0.984902 -0.154443
1742014820.032273 -19.195621 -42.227684 8.813619 -0.109704 -0.005443 0.989304 -0.095983
1742014821.032705 -20.167059 -42.415783 8.648131 -0.071731 -0.010955 0.991302 -0.109792
1742014822.033137 -21.185066 -42.734833 8.535287 -0.091604 -0.039678 0.976884 -0.189027
1742014823.033584 -22.064997 -43.101673 8.322318 -0.071722 -0.060752 0.955313 -0.280254
1742014824.067410 -22.902662 -43.379688 8.165034 -0.119549 -0.035948 0.963596 -0.236427
1742014825.101178 -23.800945 -43.593311 8.018327 -0.106209 -0.103253 0.973695 -0.173138
1742014826.101600 -24.661709 -43.868111 7.862148 -0.091978 -0.070402 0.960712 -0.252224
1742014827.102029 -25.402035 -44.268906 7.732798 -0.091917 -0.068908 0.947575 -0.298169
1742014828.137822 -26.006681 -44.931595 7.515397 -0.063219 -0.099701 0.929345 -0.349831
1742014829.138648 -26.616457 -45.436417 7.299594 -0.038236 -0.073913 0.885606 -0.456921
1742014830.172154 -27.437534 -46.046677 7.029135 -0.059287 -0.089256 0.918293 -0.381125
1742014831.172314 -28.131798 -46.655815 6.753443 -0.093139 -0.069835 0.924730 -0.362385
1742014832.172474 -28.943575 -47.169315 6.571397 -0.058033 -0.088917 0.926547 -0.360883
1742014833.207946 -29.487436 -47.378372 6.341521 -0.061535 -0.138903 0.926369 -0.344615
1742014834.241725 -29.672047 -47.551037 6.161251 -0.088549 -0.142069 0.889409 -0.425356
1742014835.308288 -29.988453 -48.043846 6.058187 -0.109458 -0.127479 0.898681 -0.405144
1742014836.341591 -30.299362 -48.431633 5.980391 -0.116856 -0.116039 0.926218 -0.339116
1742014837.374875 -30.745935 -48.725853 5.915165 -0.101044 -0.108830 0.944005 -0.294621
1742014838.441459 -31.177225 -49.064632 5.843447 -0.093616 -0.118893 0.946458 -0.285161
1742014839.508089 -31.694090 -49.330299 5.790467 -0.123450 -0.106758 0.964679 -0.206779
1742014840.541412 -32.288643 -49.554749 5.726150 -0.118293 -0.105921 0.969590 -0.186235
1742014841.608040 -32.846062 -49.776207 5.702146 -0.121427 -0.113989 0.970710 -0.173162
1742014842.641308 -33.184017 -49.951504 5.678801 -0.141652 -0.106647 0.966512 -0.185514
1742014843.674946 -33.636673 -49.963100 5.662550 -0.107243 -0.094690 0.985301 -0.093356
1742014844.676128 -34.149464 -49.960800 5.585279 -0.142014 -0.153275 0.967425 -0.142926
1742014846.743218 -34.195980 -49.972961 5.537154 -0.195048 -0.105223 0.963822 -0.148091
1742014847.776729 -34.255932 -49.990959 5.543355 -0.226268 -0.039644 0.965569 -0.122097
1742014848.810796 -34.922581 -49.927166 5.501190 -0.136740 -0.075383 0.986208 -0.054898
1742014849.845344 -35.636208 -49.902039 5.339370 -0.162971 -0.079182 0.980527 -0.075752
1742014850.879145 -36.206158 -49.867775 5.301722 -0.151121 -0.072868 0.985319 -0.031612
1742014851.879610 -36.341805 -49.934948 5.282316 -0.171976 -0.079933 0.980130 0.058143
1742014852.880109 -36.642136 -49.991142 5.267617 -0.143699 -0.112252 0.974359 -0.131814
1742014853.913932 -36.859188 -49.956554 5.259146 -0.151550 -0.109271 0.981976 -0.028552
1742014856.984273 -36.897385 -49.981026 5.256210 -0.148232 -0.090390 0.974657 -0.141074
1742014858.051168 -37.299309 -50.336906 5.242334 -0.104252 -0.121339 0.920684 -0.356019
1742014859.051355 -38.024391 -50.815201 5.181993 -0.080799 -0.119778 0.927679 -0.344292
1742014860.053161 -38.753475 -51.294369 5.175363 -0.079569 -0.128950 0.889811 -0.430439
1742014861.087559 -39.671486 -52.132870 5.089996 -0.042851 -0.125620 0.874461 -0.466584
1742014862.154151 -40.764927 -53.087555 5.199450 -0.040240 0.043568 -0.851439 0.521089
1742014863.220718 -41.681141 -54.289394 5.137032 -0.041517 0.056946 -0.838073 0.540987
1742014864.253934 -42.378326 -55.600559 5.058121 0.013201 -0.036118 0.873791 -0.484779
1742014865.320495 -42.571686 -57.111679 4.993156 0.009721 0.077269 -0.805529 0.587417
1742014866.353755 -42.984013 -58.504372 5.085600 -0.036377 0.052661 -0.829525 0.554789
1742014867.386997 -43.602856 -59.971375 5.281366 -0.081894 0.004026 -0.838488 0.538716
1742014868.420266 -44.367786 -61.445435 5.450012 0.105365 -0.015424 0.868895 -0.483406
1742014869.453536 -45.075169 -62.638649 5.286251 0.012612 -0.082691 0.911664 -0.402333
1742014870.453578 -45.926823 -63.564049 5.363679 0.009957 -0.094758 0.897700 -0.430183
1742014871.486908 -46.635635 -64.298904 5.460870 0.008127 -0.156060 0.852930 -0.498085
1742014872.521604 -47.260723 -64.884628 5.607630 -0.042633 -0.138732 0.870351 -0.470557
1742014873.521770 -47.513290 -65.296638 5.657860 -0.054937 -0.149744 0.890738 -0.425611
1742014874.555267 -47.851677 -65.478622 5.674115 -0.053441 -0.161102 0.851871 -0.495486
1742014875.555617 -48.387764 -65.614578 5.797045 -0.054643 -0.183364 0.884111 -0.426308
1742014876.557228 -48.882030 -65.869537 5.862316 -0.051422 -0.172319 0.879627 -0.440361
1742014877.590958 -49.354893 -66.212715 5.865339 -0.057591 -0.163991 0.889964 -0.421608
1742014878.591385 -49.740860 -66.465767 5.891614 -0.017520 -0.176201 0.877892 -0.444919
1742014879.591850 -50.044662 -66.836319 5.870163 -0.053661 -0.174890 0.904863 -0.384391
1742014880.625635 -50.327934 -66.978554 5.896783 -0.041108 -0.173268 0.915302 -0.361261
1742014883.662711 -50.409031 -67.126968 5.858344 -0.068341 -0.188026 0.919120 -0.339404
1742014885.696999 -50.551830 -67.179718 5.862347 -0.063575 -0.182705 0.909276 -0.368502
1742014892.065516 -50.701958 -67.395996 5.834581 -0.068540 -0.179782 0.893843 -0.404999
1742014893.132116 -50.913010 -67.648643 5.830434 -0.067255 -0.173531 0.913849 -0.360892
1742014894.165450 -51.048698 -67.856827 5.790957 -0.060898 -0.160454 0.851831 -0.494904
1742014895.232073 -51.535103 -68.238663 5.728991 -0.068241 -0.166010 0.872288 -0.454859
1742014896.265300 -52.242901 -68.776176 5.733200 -0.063025 -0.159027 0.896908 -0.407792
1742014897.331854 -53.109699 -69.483124 5.838911 -0.066304 -0.107785 0.919128 -0.373082
1742014898.365074 -53.909687 -69.902122 5.840540 -0.071284 -0.076474 0.967914 -0.228500
1742014899.366356 -53.964214 -70.006073 5.875557 -0.073355 -0.066244 0.949538 -0.297673
1742014900.368928 -54.446125 -70.482101 5.879802 -0.005324 -0.098356 0.938936 -0.329693
1742014901.404762 -55.393250 -71.088539 5.859475 -0.069262 -0.073177 0.952195 -0.288396
1742014902.406052 -56.535515 -71.749527 5.908505 -0.058978 -0.010961 0.970691 -0.232724
1742014903.539426 -57.752659 -72.559677 6.022357 -0.034076 0.031045 0.976170 -0.212054
1742014904.572669 -58.815266 -73.399399 6.059317 0.046385 -0.014607 0.959636 -0.277009
1742014905.605906 -59.903561 -74.149307 6.087450 0.052412 0.020672 0.966684 -0.249694
1742014906.672516 -61.076714 -74.913475 6.099295 0.035106 0.045483 0.972796 -0.224427
1742014907.772434 -62.100742 -75.856155 6.091614 0.022297 0.019006 0.916676 -0.398557
1742014908.805696 -62.930489 -76.756226 6.043772 -0.016797 0.020859 0.925396 -0.378054
1742014909.872324 -63.821564 -77.757195 5.954754 -0.054658 -0.031180 0.945046 -0.320825
1742014910.905634 -64.711929 -78.681824 5.907374 -0.033676 -0.056137 0.905615 -0.419018
1742014911.938898 -65.892921 -79.334419 5.882860 -0.017844 -0.099279 0.933230 -0.344829
1742014913.005492 -67.264954 -80.018745 5.952412 0.005575 -0.068605 0.940425 -0.332961
1742014914.038758 -68.414551 -80.670532 5.918287 -0.024546 -0.080344 0.941547 -0.326238
1742014915.105359 -69.622063 -81.483437 5.924687 -0.064973 -0.063271 0.919539 -0.382391
1742014916.106138 -70.680504 -82.043533 5.958632 -0.044857 -0.104787 0.938087 -0.327110
1742014917.141136 -71.554276 -82.291466 5.971342 -0.061242 -0.058003 0.986828 -0.138045
1742014918.175442 -71.666527 -82.199577 5.957386 -0.092769 -0.016433 0.961973 0.256384
1742014919.209219 -71.479523 -82.134735 5.952251 -0.093597 0.008881 0.813731 0.573587
1742014920.243000 -71.341988 -82.125023 5.921920 -0.101678 0.046001 0.605117 0.788276
1742014921.243437 -70.923149 -81.962936 5.917078 -0.103406 0.078565 0.456191 0.880355
1742014922.277207 -70.294502 -81.647461 5.900302 -0.093243 0.094361 0.357874 0.924299
1742014923.312930 -69.481438 -81.185112 5.896444 -0.097042 0.105956 0.306777 0.940874
1742014924.313759 -68.534607 -80.651077 5.859000 -0.094716 0.097724 0.276050 0.951460
1742014925.313958 -67.639259 -80.137665 5.861320 -0.082587 0.113155 0.280615 0.949542
1742014926.380819 -66.613579 -79.624237 5.947929 -0.068326 0.090353 0.301108 0.946838
1742014927.414334 -65.635368 -79.111092 5.886398 -0.072515 0.076923 0.290172 0.951118
1742014928.414524 -64.808113 -78.508095 5.753207 -0.076464 0.049895 0.313922 0.945048
1742014929.414728 -63.971664 -77.720253 5.817174 -0.072150 0.024211 0.431142 0.899069
1742014930.414915 -63.216057 -76.910713 5.832581 -0.052801 0.055732 0.507866 0.858008
1742014931.448425 -62.367134 -76.004547 5.815632 -0.021565 0.038224 0.493318 0.868741
1742014932.482008 -61.482952 -75.239090 5.758834 -0.043943 0.040618 0.361790 0.930337
1742014933.482238 -60.531113 -74.649811 5.748142 -0.087477 0.054117 0.366682 0.924642
1742014934.482437 -59.564651 -73.944206 5.708742 -0.128077 0.081415 0.365906 0.918194
1742014935.515983 -58.502892 -73.203712 5.733583 -0.108152 0.088349 0.283151 0.948853
1742014936.549545 -57.533253 -72.397240 5.754792 -0.103220 0.044691 0.342532 0.932749
1742014937.583126 -56.566135 -71.642357 5.787369 -0.096361 0.050126 0.459937 0.881283
1742014938.616758 -55.629887 -70.852051 5.785052 -0.100303 0.053047 0.537544 0.835567
1742014939.651771 -54.672222 -70.223328 5.784893 -0.102025 0.059363 0.465770 0.876998
1742014940.685526 -53.694950 -69.611504 5.805807 -0.088426 0.045698 0.463278 0.880606
1742014941.685947 -52.779243 -68.895409 5.814346 -0.090949 0.049843 0.483581 0.869134
1742014942.686365 -51.775642 -68.109879 5.796171 -0.082410 0.045877 0.482313 0.870906
1742014943.720093 -50.785427 -67.307915 5.876510 -0.098738 0.041674 0.472113 0.874999
1742014944.753839 -49.854645 -66.505585 5.927524 -0.083393 0.033093 0.442672 0.892184
1742014945.787612 -48.959412 -65.831223 5.974346 -0.050974 0.029798 0.444066 0.894046
1742014946.821367 -48.160480 -65.243851 5.932798 -0.082146 -0.003611 0.403679 0.911198
1742014947.888476 -47.592186 -65.073296 5.780218 -0.112361 0.023577 0.477092 0.871322
1742014948.888941 -47.224800 -64.686981 5.758092 -0.091269 0.042699 0.464808 0.879659
1742014949.922726 -46.658165 -63.977276 5.548281 -0.082068 0.032245 0.494989 0.864413
1742014950.956504 -45.864098 -63.048862 5.333241 -0.109869 0.011295 0.465739 0.878002
1742014951.990313 -45.217407 -62.147987 5.185443 -0.092069 0.012884 0.510238 0.854994
1742014953.057470 -44.606682 -61.178223 5.128614 -0.077961 -0.018414 0.598265 0.797285
1742014954.057922 -44.106762 -60.180523 5.066377 -0.077045 0.010700 0.657467 0.749458
1742014955.125072 -43.557720 -59.077145 5.060469 -0.065846 0.003485 0.631115 0.772882
1742014956.158856 -43.003654 -58.129608 5.010497 -0.115822 0.009512 0.577895 0.807795
1742014957.159301 -42.539494 -57.387459 5.043491 -0.120165 0.022397 0.561313 0.818527
1742014958.226476 -42.122993 -56.742374 5.034675 -0.126994 0.017690 0.573081 0.809406
1742014959.260287 -41.790062 -56.203197 5.026117 -0.126082 0.039817 0.606723 0.783840
1742014960.360760 -41.536198 -55.513363 5.026943 -0.126772 0.016776 0.650991 0.748237
1742014961.394598 -41.457478 -54.928219 5.046848 -0.134192 -0.009617 0.706074 0.695241
1742014962.428469 -41.439209 -54.283798 5.038461 -0.168800 -0.006776 0.739469 0.651649
1742014963.462268 -41.274914 -53.702435 5.085718 -0.103555 0.012390 0.566587 0.817375
1742014964.496040 -41.000946 -53.350677 5.125509 -0.064900 0.022790 0.498137 0.864366
1742014965.496445 -40.650501 -52.801945 5.128983 -0.088662 0.032810 0.491675 0.865632
1742014966.496837 -39.972042 -52.055405 5.202409 -0.047092 0.046273 0.461086 0.884896
1742014967.530579 -38.974468 -51.224430 5.285534 -0.077007 0.054547 0.384887 0.918126
1742014968.597757 -37.922443 -50.516880 5.300909 -0.071506 0.051725 0.361502 0.928185
1742014969.598138 -36.814556 -50.265770 5.461210 -0.074481 0.049707 0.190633 0.977569
1742014970.598566 -35.716522 -50.327557 5.552633 -0.033801 0.061022 -0.012596 0.997484
1742014971.632332 -34.754478 -50.681393 5.648811 -0.021958 0.076001 -0.265828 0.960769
1742014972.632758 -34.272850 -51.335163 5.822762 0.035175 0.090732 -0.522749 0.846915
1742014973.666520 -34.285942 -52.210941 6.009337 0.047618 0.113122 -0.632899 0.764444
1742014974.666972 -34.352196 -52.924679 6.027306 0.056347 0.127306 -0.688813 0.711446
1742014975.700741 -34.560829 -53.200611 6.047063 0.042796 0.121253 -0.807137 0.576191
1742014976.734519 -34.683201 -53.357819 5.916714 0.095498 0.122906 -0.786477 0.597685
1742014977.734987 -35.243919 -53.755898 5.776836 0.065639 0.124203 -0.846681 0.513222
1742014978.735519 -35.880127 -54.380688 5.596248 -0.076432 -0.107652 0.856356 -0.499224
1742014979.736002 -36.585312 -54.981125 5.437002 0.071568 0.131982 -0.810696 0.565890
1742014980.736413 -37.301373 -55.532192 5.310487 0.076078 0.152780 -0.721018 0.671568
1742014981.736850 -37.718418 -55.989956 5.182362 0.022495 0.176053 -0.465254 0.867201
1742014982.737272 -37.681488 -56.505596 5.064761 -0.004216 0.176720 -0.199087 0.963907
1742014983.771019 -37.203484 -56.700508 4.684223 -0.085239 0.136188 0.192965 0.967963
1742014984.804819 -36.595112 -56.463882 4.695743 -0.087164 0.088655 0.306636 0.943672
1742014985.838585 -35.968422 -56.124115 4.612813 -0.079778 0.070029 0.264424 0.958547
1742014986.872337 -35.216824 -55.774990 4.532568 -0.079150 0.056027 0.195043 0.975989
1742014987.939465 -34.352646 -55.597553 4.484719 -0.088972 0.075611 0.123584 0.985441
1742014988.973248 -33.450199 -55.507263 4.462175 -0.065478 0.081188 0.046768 0.993446
1742014990.007059 -32.535149 -55.484722 4.465944 -0.046889 0.077430 0.001933 0.995893
1742014991.007502 -31.792955 -55.584034 4.464423 -0.048125 0.107924 -0.055590 0.991436
1742014992.007913 -30.996086 -55.758774 4.452161 -0.062197 0.049037 -0.042346 0.995959
1742014993.108423 -29.819878 -56.000645 4.434561 -0.045294 0.075658 -0.081239 0.992786
1742014994.142239 -28.989492 -56.227448 4.383558 -0.024331 0.110850 -0.052170 0.992169
1742014995.176032 -28.085312 -56.469440 4.443762 -0.042498 0.078139 -0.036366 0.995372
1742014996.209825 -27.039417 -56.758961 4.421727 -0.049374 0.073835 -0.107298 0.990251
1742014997.243615 -26.235085 -57.051647 4.457881 -0.033348 0.072863 -0.109967 0.990700
1742014998.244059 -25.546265 -57.275410 4.529241 -0.052122 0.041545 -0.126182 0.989765
1742014999.244478 -24.851973 -57.507957 4.530859 -0.047235 0.055544 -0.132596 0.988485
1742015000.244888 -23.839891 -57.938179 4.498055 -0.056711 0.082594 -0.138116 0.985336
1742015001.245315 -22.794044 -58.312771 4.491391 -0.049603 0.080946 -0.133752 0.986457
1742015002.245729 -21.632988 -58.796684 4.499671 -0.056863 0.063119 -0.127174 0.988235
1742015003.247768 -20.551931 -59.388920 4.578024 -0.032611 0.067261 -0.133294 0.988254
1742015004.282370 -19.517632 -60.061405 4.623264 -0.039944 0.073029 -0.214900 0.973082
1742015005.315896 -18.396875 -60.783142 4.583653 -0.026256 0.044034 -0.250019 0.966883
1742015006.316082 -17.588743 -61.548210 4.571014 -0.031199 0.063929 -0.258436 0.963406
1742015007.349598 -16.729822 -62.306328 4.562230 -0.026917 0.089001 -0.288546 0.952941
1742015008.349763 -15.952889 -62.953049 4.595297 -0.018036 0.092474 -0.311633 0.945520
1742015009.383302 -15.291152 -63.851006 4.584615 -0.024305 0.082669 -0.317927 0.944192
1742015010.383490 -14.564463 -64.890007 4.568805 -0.038692 0.093918 -0.368894 0.923904
1742015011.385567 -13.916412 -65.822838 4.548060 -0.023958 0.079007 -0.332933 0.939329
1742015012.386200 -13.224466 -66.779091 4.566966 -0.013820 0.098645 -0.327678 0.939524
1742015013.386208 -12.478765 -67.869255 4.626371 0.013839 0.114114 -0.384739 0.915840
1742015014.419472 -11.905800 -68.876015 4.747571 -0.024077 0.099216 -0.419287 0.902095
1742015015.452700 -11.244349 -69.807556 4.783071 -0.042964 0.061666 -0.357909 0.930727
1742015016.485920 -10.588797 -70.868622 4.820260 -0.025992 0.056531 -0.420781 0.905026
1742015017.552509 -9.974834 -71.789268 4.828423 -0.031845 0.076434 -0.384839 0.919262
1742015018.619069 -9.364369 -72.690643 4.769440 -0.050393 0.092653 -0.345056 0.932637
1742015019.653872 -8.721968 -73.518929 4.707933 -0.041073 0.115842 -0.346794 0.929854
1742015020.687411 -8.125123 -74.429840 4.703198 -0.017623 0.112191 -0.348890 0.930257
1742015021.720950 -7.485400 -75.386467 4.687271 -0.052275 0.081411 -0.360555 0.927706
1742015022.754472 -6.848158 -76.223564 4.677242 -0.042453 0.073047 -0.388242 0.917676
1742015023.788031 -6.405999 -76.970161 4.667073 -0.049915 0.110983 -0.370269 0.920919
1742015024.821551 -5.945304 -77.680901 4.671217 -0.060680 0.048013 -0.361966 0.928974
1742015025.822099 -5.480914 -78.229118 4.533291 -0.068679 0.074070 -0.330630 0.938339
1742015026.858061 -5.330307 -78.619537 4.506632 -0.040038 0.113068 -0.345989 0.930540
1742015027.859310 -5.038262 -78.847046 4.479475 -0.048859 0.144068 -0.362086 0.919647
1742015028.892846 -4.735508 -79.115089 4.462369 -0.005098 0.142567 -0.346031 0.927314
1742015029.926404 -4.299359 -79.781601 4.494483 -0.037917 0.119653 -0.410195 0.903319
1742015030.993273 -3.634428 -80.638016 4.490238 -0.050834 0.099855 -0.436656 0.892623
1742015031.993434 -3.149430 -81.319817 4.438989 -0.049252 0.120715 -0.365286 0.921720
1742015033.026921 -2.703699 -81.901367 4.460784 -0.027976 0.150471 -0.342107 0.927113
1742015034.060421 -2.290694 -82.440926 4.544421 -0.028326 0.145692 -0.361771 0.920377
1742015035.060590 -1.947871 -83.017670 4.546115 -0.055067 0.102730 -0.357287 0.926693
1742015036.094102 -1.502731 -83.617973 4.550303 -0.051621 0.124017 -0.343868 0.929360
1742015037.094273 -0.971546 -84.184784 4.499671 -0.055339 0.114791 -0.359179 0.924527
1742015038.094471 -0.441149 -84.784370 4.503289 -0.059875 0.120942 -0.357580 0.924080
1742015039.161349 -0.049439 -85.372566 4.534449 -0.041665 0.120346 -0.332767 0.934370
1742015040.228208 0.301733 -85.928123 4.536163 -0.055770 0.102855 -0.349493 0.929605
1742015041.528423 0.932048 -86.586197 4.487969 -0.033946 0.099070 -0.350113 0.930835
1742015042.596691 1.428015 -87.399101 4.503112 -0.043414 0.085472 -0.392044 0.914938
1742015043.599096 1.948345 -88.175179 4.488097 -0.025678 0.127753 -0.400376 0.907039
1742015044.632837 2.412021 -88.831604 4.501068 -0.019066 0.124587 -0.395254 0.909884
1742015045.633060 2.967224 -89.585114 4.504656 -0.055651 0.098954 -0.385466 0.915711
1742015046.733446 3.622661 -90.542900 4.511317 -0.028574 0.093177 -0.388258 0.916383
1742015048.000410 4.217399 -91.564949 4.481260 -0.026656 0.100792 -0.370052 0.923142
1742015049.033972 4.678799 -92.286621 4.535666 -0.022415 0.118966 -0.365498 0.922906
1742015050.134248 5.238851 -93.295113 4.548461 -0.040585 0.106701 -0.435677 0.892834
1742015051.168390 5.711793 -94.146873 4.489952 -0.049831 0.101493 -0.438854 0.891416
1742015055.140396 6.910403 -96.177162 4.589552 -0.052508 0.122955 -0.394533 0.909103
1742015056.174006 7.214990 -96.573807 4.615101 -0.033542 0.123321 -0.436302 0.890678
1742015057.174283 7.475172 -97.019005 4.649059 -0.038173 0.127646 -0.406858 0.903723
1742015058.407206 8.011450 -97.868904 4.753241 -0.078662 0.105291 -0.377466 0.916649
1742015059.610932 8.507225 -98.721840 4.705717 -0.064173 0.106889 -0.408814 0.904062
1742015060.644980 8.929779 -99.381096 4.686993 -0.052794 0.125301 -0.408856 0.902413
1742015061.677654 9.340443 -100.004707 4.714820 -0.068034 0.084921 -0.368383 0.923284
1742015062.712486 9.885494 -100.752029 4.669053 -0.075622 0.090281 -0.414646 0.902330
1742015063.778302 10.438246 -101.400726 4.624153 -0.052870 0.099389 -0.418236 0.901335
1742015064.810583 10.830631 -102.130775 4.612988 -0.074768 0.072765 -0.398455 0.911235
1742015065.842898 11.344173 -102.913872 4.621359 -0.050553 0.094387 -0.402507 0.909133
1742015066.875283 11.966210 -103.774559 4.593662 -0.050034 0.082782 -0.362551 0.926931
1742015067.941598 12.570668 -104.736092 4.608225 -0.053126 0.086728 -0.424212 0.899833
1742015068.974283 13.115604 -105.699959 4.622470 -0.070386 0.079414 -0.450360 0.886519
1742015069.974893 13.689409 -106.706184 4.717307 -0.074337 0.068523 -0.400109 0.910874
1742015071.008602 14.340029 -107.736435 4.687126 -0.065826 0.070621 -0.438379 0.893590
1742015072.008952 14.919818 -108.692650 4.598795 -0.055404 0.095120 -0.443010 0.889733
1742015073.044379 15.488435 -109.572418 4.473557 -0.052280 0.087169 -0.387280 0.916342
1742015074.110577 16.142431 -110.601135 4.455571 -0.059334 0.094302 -0.418272 0.901463
1742015075.110847 16.803251 -111.539841 4.470771 -0.030732 0.118046 -0.391571 0.912027
1742015076.112925 17.430948 -112.408760 4.568887 -0.030751 0.116232 -0.401402 0.907976
1742015077.114881 18.046274 -113.334526 4.576709 -0.061198 0.086132 -0.364355 0.925247
1742015078.248451 18.779802 -114.434593 4.561583 -0.056660 0.096489 -0.364302 0.924534
1742015079.249154 19.349737 -115.281456 4.551161 -0.034720 0.110325 -0.331719 0.936262
1742015080.282425 19.984951 -116.259315 4.493168 -0.020903 0.128737 -0.310803 0.941484
1742015081.349029 20.630550 -117.218803 4.530736 -0.034121 0.109247 -0.354353 0.928081
1742015082.382308 21.287399 -118.147705 4.538404 -0.031598 0.117092 -0.333579 0.934888
1742015083.448913 22.010994 -119.259544 4.549752 -0.033358 0.085679 -0.352720 0.931201
1742015084.482191 22.681026 -120.284767 4.541349 -0.057897 0.084723 -0.333157 0.937271
1742015085.548754 23.326677 -121.377121 4.471441 -0.030426 0.116293 -0.393949 0.911238
1742015086.581984 23.961172 -122.357597 4.508172 -0.021155 0.123341 -0.377112 0.917674
1742015087.648563 24.590483 -123.348961 4.494954 -0.013730 0.096814 -0.389585 0.915785
1742015088.649703 25.038309 -124.240547 4.448077 -0.025598 0.106148 -0.376490 0.919963
1742015089.683449 25.542233 -125.137222 4.431767 -0.044854 0.114172 -0.325079 0.937697
1742015090.716949 26.144472 -126.086906 4.442599 -0.049441 0.106958 -0.402592 0.907764
1742015091.717124 26.643154 -126.935707 4.390747 -0.052845 0.124746 -0.381409 0.914425
1742015092.718645 27.108368 -127.762764 4.373249 -0.046098 0.120958 -0.357688 0.924826
1742015093.719239 27.646105 -128.480499 4.330889 -0.029769 0.146277 -0.295938 0.943471
1742015094.753043 27.952002 -128.939362 4.327488 -0.049747 0.157998 -0.408497 0.897603
1742015095.786834 28.162336 -129.535812 4.352140 -0.056527 0.126475 -0.352870 0.925360
1742015096.820594 28.478451 -130.120438 4.359785 -0.036079 0.140257 -0.282106 0.948390
1742015097.854420 28.796120 -130.613846 4.336912 -0.039966 0.144382 -0.316057 0.936837
1742015098.854872 28.878313 -130.730545 4.324351 -0.047993 0.164042 -0.285738 0.942943
1742015099.855352 28.907234 -130.532913 4.329386 -0.026144 0.137856 -0.455784 0.878962
1742015100.889153 28.966637 -130.462326 4.488595 -0.116379 -0.000738 -0.557376 0.822063
1742015101.922972 28.946049 -130.445999 4.572331 -0.198518 -0.056357 -0.638010 0.741861
1742015102.923420 28.881763 -130.421890 4.672291 -0.270804 -0.104732 -0.707099 0.644754
1742015103.923858 28.835356 -130.400635 4.712345 -0.321589 -0.118200 -0.761201 0.550620
1742015104.924278 28.781540 -130.335358 4.690115 0.366067 0.110519 0.833327 -0.399182
1742015105.958037 28.739895 -130.249420 4.682005 0.423290 0.087719 0.857565 -0.278770
1742015106.991834 28.698858 -130.160202 4.684295 0.442884 0.041821 0.883925 -0.144156
1742015108.025604 28.667738 -130.082916 4.681527 0.418901 -0.003666 0.907957 0.011061
1742015109.026042 28.667517 -130.021500 4.683113 0.390216 -0.051054 0.904427 0.164735
1742015110.026469 28.690674 -129.983627 4.661566 0.352938 -0.081640 0.891035 0.273542
1742015111.060256 28.675766 -129.890244 4.600504 0.258669 -0.098564 0.885659 0.372806
1742015112.060703 28.624369 -129.668518 4.480501 0.146978 -0.086537 0.892769 0.416980
1742015113.061125 28.433134 -129.448837 4.329644 0.008645 -0.058381 0.885968 0.459975
1742015114.128247 28.203691 -128.972122 4.197590 -0.103184 0.006243 0.883254 0.457358
1742015115.162024 27.797916 -128.372421 4.166079 -0.123312 0.003998 0.881328 0.456113
1742015116.195792 27.391989 -127.865631 4.184022 -0.118069 0.001594 0.879347 0.461309
1742015117.229571 27.050465 -127.300484 4.187437 -0.101842 -0.010214 0.896126 0.431835
1742015118.230031 26.678421 -126.852547 4.193365 -0.130925 0.017344 0.931267 0.339559
1742015119.230487 26.307932 -126.392784 4.227180 -0.112907 -0.010272 0.882293 0.456843
1742015120.297622 25.879629 -125.797714 4.243754 -0.088705 -0.010460 0.891254 0.444621
1742015121.331420 25.519011 -125.193871 4.275352 -0.085489 -0.018547 0.894872 0.437667
1742015122.365247 25.162243 -124.638954 4.275870 -0.099223 -0.001319 0.902519 0.419061
1742015123.365722 24.795744 -124.017479 4.263661 -0.091651 -0.020177 0.890711 0.444777
1742015124.400863 24.535345 -123.526703 4.273227 -0.101141 -0.006550 0.904447 0.414371
1742015125.402371 24.190516 -122.911087 4.279392 -0.110379 -0.007097 0.880143 0.461643
1742015126.402550 23.783201 -122.229645 4.289994 -0.099152 -0.014326 0.906398 0.410374
1742015127.402732 23.311768 -121.514862 4.328031 -0.099855 -0.009959 0.907367 0.408185
1742015128.438664 22.827572 -120.778091 4.312443 -0.081816 -0.017870 0.923675 0.373912
1742015129.473702 22.311487 -119.975639 4.365023 -0.081037 -0.020827 0.916170 0.391960
1742015130.540136 21.681274 -118.986488 4.358957 -0.072204 -0.014341 0.905488 0.417938
1742015131.573248 21.058481 -118.095917 4.378408 -0.054743 -0.027693 0.921314 0.383950
1742015132.639688 20.503155 -117.298538 4.387571 -0.054053 -0.031026 0.920505 0.385729
1742015133.672786 20.073978 -116.621941 4.382546 -0.092976 -0.037279 0.924360 0.368136
1742015134.772521 19.540487 -115.844391 4.327503 -0.086547 -0.022174 0.919354 0.383153
1742015135.838922 18.937222 -114.946991 4.349067 -0.066751 -0.019774 0.931298 0.357544
1742015136.905348 18.388458 -114.152771 4.366948 -0.089942 -0.031701 0.926772 0.363316
1742015138.005118 17.792173 -113.357986 4.363317 -0.075877 -0.047874 0.907141 0.411152
1742015139.038230 17.429010 -112.689827 4.393964 -0.085324 -0.025324 0.879038 0.468370
1742015140.104965 17.033195 -112.112305 4.351342 -0.060382 -0.027133 0.870354 0.487957
1742015141.106134 16.732634 -111.703835 4.323003 0.015568 -0.017035 0.875890 0.481958
1742015142.106580 16.300356 -111.042595 4.256994 -0.015472 -0.039251 0.875657 0.481088
1742015143.139850 15.779953 -110.237259 4.241238 -0.019096 -0.049485 0.874736 0.481688
1742015144.140276 15.332712 -109.509544 4.203891 -0.040745 -0.012700 0.855414 0.516184
1742015145.142289 14.800034 -108.689812 4.236523 -0.052790 0.010325 0.846838 0.529124
1742015146.209336 14.386415 -107.965691 4.244875 -0.066882 -0.012876 0.885383 0.459846
1742015147.243101 13.937413 -107.288200 4.322368 -0.093159 -0.016372 0.910462 0.402633
1742015148.276842 13.475108 -106.598648 4.401607 -0.081206 -0.009814 0.890488 0.447593
1742015149.277225 13.180117 -105.925423 4.368909 -0.081705 -0.019241 0.904460 0.418218
1742015150.310945 12.750793 -105.272774 4.388735 -0.099208 -0.017919 0.907127 0.408603
1742015151.378019 12.332613 -104.720848 4.425197 -0.103883 0.018346 0.919449 0.378795
1742015152.411758 11.910600 -103.991219 4.435416 -0.072567 -0.030423 0.928601 0.362642
1742015153.412139 11.401712 -103.241104 4.418845 -0.113080 0.006931 0.922940 0.367894
1742015154.445870 10.908390 -102.489326 4.430030 -0.070339 -0.005606 0.932582 0.353993
1742015155.479600 10.376276 -101.688713 4.437213 -0.096308 0.001324 0.928522 0.358566
1742015156.513343 9.845726 -100.872856 4.430413 -0.089519 -0.032188 0.934822 0.342139
1742015157.513906 9.326867 -100.108101 4.449448 -0.104435 -0.006224 0.923187 0.369839
1742015158.581144 8.901221 -99.292221 4.444120 -0.083617 0.007428 0.887077 0.453924
1742015159.581564 8.530786 -98.749886 4.479642 -0.051534 0.041705 0.852892 0.517862
1742015160.615335 8.034077 -97.918007 4.527174 0.005846 0.007009 0.850915 0.525225
1742015161.649114 7.570374 -97.027275 4.557550 -0.016746 -0.005209 0.865544 0.500526
1742015162.682939 7.103972 -96.301636 4.558251 -0.053624 0.027614 0.871412 0.486830
1742015163.716733 6.564164 -95.379684 4.426165 -0.054032 0.018201 0.859226 0.508409
1742015164.750527 6.169401 -94.546112 4.356122 -0.036673 0.006524 0.866917 0.497059
1742015165.784314 5.729168 -93.875740 4.310745 -0.066116 -0.018923 0.890924 0.448916
1742015166.818082 5.266738 -93.349701 4.306683 -0.046999 -0.022750 0.921138 0.385718
1742015167.851866 4.858734 -92.676323 4.307765 -0.098533 -0.017163 0.912055 0.397684
1742015168.885663 4.420930 -91.944397 4.317163 -0.095472 -0.017933 0.917604 0.385443
1742015169.919498 3.968884 -91.167824 4.270380 -0.087839 -0.041512 0.933845 0.344229
1742015170.919953 3.551399 -90.411308 4.296389 -0.094683 -0.060857 0.944750 0.307863
1742015171.920389 3.010840 -89.678780 4.255389 -0.070086 -0.037811 0.920427 0.382718
1742015172.920856 2.495660 -88.906517 4.221793 -0.108452 -0.016324 0.911599 0.396181
1742015173.987961 2.111058 -88.092545 4.210695 -0.105525 -0.057744 0.916299 0.382003
1742015175.021782 1.761017 -87.519012 4.268815 -0.075006 -0.069309 0.916836 0.385981
1742015176.088886 1.416756 -87.124298 4.281247 -0.093927 -0.059134 0.908403 0.403095
1742015177.089307 1.344191 -86.848961 4.269580 -0.097793 -0.040920 0.931830 0.347065
1742015178.156436 0.951906 -86.490997 4.222305 -0.113965 -0.010445 0.935385 0.334602
1742015179.156914 0.586299 -85.899414 4.224292 -0.099721 -0.041520 0.941387 0.319566
1742015180.190705 0.127471 -85.338371 4.201564 -0.119151 -0.037278 0.936108 0.328810
1742015181.224485 -0.233995 -84.993034 4.225629 -0.120218 -0.031415 0.923395 0.363183
1742015182.258299 -0.533778 -84.484283 4.254896 -0.112539 -0.038214 0.933831 0.337395
1742015183.258711 -0.902779 -84.021790 4.233435 -0.095712 -0.036878 0.947489 0.302892
1742015184.259122 -1.310864 -83.531860 4.213227 -0.108095 -0.036165 0.927179 0.356856
1742015185.292908 -1.703276 -83.018723 4.245533 -0.104634 -0.041370 0.935343 0.335372
1742015186.293339 -2.075501 -82.611664 4.290214 -0.082484 -0.037087 0.932424 0.349866
1742015187.293759 -2.495921 -81.927650 4.286566 -0.054948 -0.067402 0.934591 0.344931
1742015188.294194 -2.915441 -81.277283 4.259638 -0.082262 -0.026239 0.941599 0.325478
1742015189.294642 -3.411404 -80.549927 4.174151 -0.086531 -0.021218 0.936854 0.338182
1742015190.328426 -3.888033 -80.018883 4.185781 -0.089748 -0.016223 0.937710 0.335235
1742015191.328891 -4.395715 -79.326988 4.222821 -0.074555 -0.034724 0.954695 0.285997
1742015192.362664 -4.999952 -78.457581 4.269505 -0.083967 -0.049096 0.957622 0.271108
1742015193.429794 -5.633761 -77.738617 4.275319 -0.049918 -0.056991 0.958281 0.275605
1742015194.430231 -6.195081 -77.084991 4.367440 -0.094575 -0.027712 0.947782 0.303311
1742015195.430670 -6.599263 -76.331085 4.408104 -0.058615 -0.064161 0.940333 0.328970
1742015196.464448 -7.047449 -75.566544 4.435393 -0.061148 -0.073550 0.918583 0.383479
1742015197.464885 -7.608847 -74.987457 4.418609 -0.053279 -0.060710 0.938419 0.335926
1742015198.465347 -8.129945 -74.448769 4.411602 -0.067841 -0.047657 0.937172 0.338873
1742015199.499133 -8.524035 -73.913414 4.422925 -0.079342 -0.019818 0.937491 0.338263
1742015200.532935 -9.028560 -73.209396 4.421915 -0.070461 -0.021537 0.910622 0.406619
1742015201.566742 -9.483093 -72.420135 4.471010 -0.062892 -0.014821 0.889468 0.452406
1742015202.633879 -9.833378 -71.638359 4.493497 -0.071485 -0.021410 0.919880 0.385036
1742015203.701032 -10.242019 -70.793365 4.485402 -0.060412 -0.051349 0.925558 0.370211
1742015204.701481 -10.694061 -70.132233 4.482695 -0.059676 -0.029036 0.926415 0.370608
1742015205.735261 -11.163813 -69.360985 4.454476 -0.061073 -0.037142 0.944634 0.320247
1742015206.735692 -11.705286 -68.625969 4.447793 -0.076304 -0.037422 0.953797 0.288183
1742015207.736113 -12.139180 -67.945442 4.396226 -0.095672 -0.030892 0.919752 0.379406
1742015208.736560 -12.549086 -67.213181 4.337023 -0.072482 -0.046978 0.919711 0.382977
1742015209.770359 -13.078211 -66.492577 4.291710 -0.089206 -0.039158 0.930484 0.353141
1742015210.770793 -13.703219 -65.647110 4.280430 -0.083886 -0.044876 0.935424 0.340486
1742015211.771251 -14.304024 -64.840797 4.240774 -0.088766 -0.032601 0.919486 0.381579
1742015212.805072 -14.786350 -64.019165 4.229142 -0.073250 -0.061606 0.945499 0.311240
1742015213.838856 -15.225900 -63.398891 4.252713 -0.066229 -0.029761 0.976509 0.202873
1742015214.905976 -15.782600 -62.714314 4.244408 -0.077518 -0.041413 0.953915 0.286918
1742015215.973110 -16.450722 -61.844353 4.262505 -0.062169 -0.034214 0.947619 0.311419
1742015216.973571 -17.015409 -61.292786 4.250967 -0.057148 -0.030582 0.950910 0.302604
1742015217.973995 -17.500881 -60.713470 4.254849 -0.046930 -0.041087 0.938397 0.339883
1742015218.974474 -18.118975 -60.313099 4.251352 -0.060691 -0.032293 0.936548 0.343732
1742015220.008269 -18.932575 -59.761616 4.253348 -0.040124 -0.037137 0.962372 0.266179
1742015221.075462 -19.561071 -59.293827 4.279204 -0.046580 -0.012722 0.959399 0.277890
1742015222.075856 -20.143204 -59.046078 4.272108 -0.026291 -0.033132 0.974642 0.219736
1742015223.109596 -20.864548 -58.750175 4.281698 -0.032346 -0.016464 0.979272 0.199273
1742015224.143809 -21.575518 -58.473900 4.247183 -0.026913 0.011207 0.948612 0.315096
1742015225.146379 -22.286219 -58.188801 4.212178 -0.024789 0.002783 0.984618 0.172932
1742015226.213218 -23.044109 -57.716522 4.181840 -0.011971 0.012876 0.975564 0.219013
1742015227.280082 -23.778528 -57.396080 4.236076 -0.007636 0.005431 0.983723 0.179450
1742015228.280300 -24.515406 -57.207283 4.268073 -0.060311 -0.042127 0.989376 0.125393
1742015229.313860 -25.189468 -57.147259 4.229511 -0.102769 -0.036448 0.991713 0.067939
1742015230.314020 -25.921831 -56.882980 4.273286 -0.059674 -0.080727 0.994626 0.025320
1742015231.314191 -26.777798 -56.628075 4.286343 -0.050774 -0.023873 0.998374 0.010065
1742015232.314422 -27.481520 -56.374882 4.286624 -0.046005 -0.047062 0.990796 0.118290
1742015233.347945 -28.108149 -56.292881 4.292543 -0.054615 -0.061842 0.996523 0.011601
1742015234.348119 -28.940088 -56.120579 4.292796 -0.054550 -0.071359 0.995891 -0.011579
1742015235.381631 -29.994606 -55.850311 4.273401 -0.057466 -0.077601 0.995296 0.007849
1742015236.449605 -31.000433 -55.672596 4.326988 -0.051104 -0.063051 0.996567 0.016323
1742015237.451068 -31.812109 -55.562595 4.375310 -0.057956 -0.078614 0.994000 -0.049246
1742015238.551007 -32.609585 -55.516335 4.434190 -0.063979 -0.066351 0.987939 -0.124421
1742015239.617625 -33.590530 -55.566853 4.431235 -0.039161 -0.090449 0.977111 -0.188520
1742015240.618478 -34.552456 -55.749790 4.421385 -0.059746 -0.091404 0.968069 -0.225651
1742015241.685858 -35.411407 -56.147388 4.485384 -0.014698 -0.082219 0.955043 -0.284458
1742015242.752717 -36.121414 -56.562977 4.550451 -0.043325 -0.054932 0.951786 -0.298678
1742015243.786213 -36.993023 -56.811226 4.666981 0.025423 -0.079706 0.985290 -0.149014
1742015244.819708 -37.487228 -57.258312 4.721103 -0.057243 -0.068742 0.969942 -0.226296
1742015245.853218 -38.395058 -57.298470 4.793564 -0.064091 -0.052330 0.995854 -0.037801
1742015246.920053 -39.398060 -56.995918 4.843543 -0.049465 -0.043958 0.987211 0.145038
1742015247.986942 -40.194782 -56.512962 4.976123 -0.042879 -0.022439 0.950486 0.306976
1742015248.987124 -40.696972 -55.938087 4.999167 -0.092486 -0.045774 0.938037 0.330813
1742015250.053994 -41.175972 -55.109642 5.060478 -0.076583 -0.019397 0.896068 0.436831
1742015251.054185 -41.267395 -54.205997 5.044713 -0.067769 0.033553 0.766752 0.637473
1742015252.054440 -41.113098 -53.372448 5.100331 -0.098617 0.048980 0.659701 0.743418
1742015253.056056 -40.628475 -52.708263 5.165696 -0.082055 0.031591 0.574712 0.813619
1742015254.056490 -40.026535 -52.079521 5.218938 -0.068349 0.024622 0.476841 0.875982
1742015255.090303 -39.280079 -51.587429 5.256569 -0.050999 0.057783 0.422393 0.903131
1742015256.090767 -38.657291 -51.115005 5.293853 -0.046382 0.061167 0.413506 0.907260
1742015257.157940 -37.888775 -50.510376 5.335259 -0.081221 0.046916 0.391071 0.915568
1742015258.191787 -36.976082 -50.219944 5.436955 -0.068562 0.053716 0.201492 0.975610
1742015259.259562 -36.087997 -50.176220 5.558731 -0.062498 0.050204 0.085637 0.993096
1742015260.261897 -35.265858 -50.196049 5.671611 -0.052324 -0.009103 0.125281 0.990699
1742015261.262032 -34.546658 -50.101021 5.705063 -0.065322 0.056175 0.222251 0.971176
1742015262.295514 -33.768486 -49.948433 5.828667 -0.045834 0.062995 0.315230 0.945812
1742015263.329012 -33.116085 -49.748333 5.889825 -0.045129 0.018394 0.371411 0.927189
1742015264.362512 -32.358589 -49.305878 5.979112 -0.068560 0.004166 0.357756 0.931286
1742015265.396047 -31.643127 -48.818439 6.106210 -0.056824 -0.046876 0.297885 0.951755
1742015266.429564 -30.899364 -48.411259 6.280180 -0.048230 -0.105060 0.299107 0.947191
1742015267.496402 -30.328566 -48.019283 6.295386 -0.062505 -0.003730 0.397357 0.915525
1742015268.529899 -29.546398 -47.586418 6.429600 -0.052901 -0.048227 0.430008 0.899982
1742015269.530051 -28.957991 -47.063133 6.686361 -0.041112 -0.012579 0.517781 0.854432
1742015270.596893 -28.505774 -46.538185 6.898998 -0.028813 0.009200 0.616171 0.787032
1742015271.665343 -27.894829 -45.763313 7.044885 -0.036392 -0.024887 0.448991 0.892448
1742015272.699697 -27.306332 -45.200195 7.387764 -0.032169 -0.014150 0.459601 0.887430
1742015273.766292 -26.559391 -44.666138 7.620953 -0.040134 0.007015 0.426984 0.903341
1742015274.799579 -25.759106 -44.241997 7.750832 -0.048403 0.036004 0.307852 0.949520
1742015275.802585 -24.988316 -43.907452 8.011618 -0.045822 0.004187 0.229939 0.972117
1742015276.870237 -24.140099 -43.632114 8.122202 -0.049811 0.016532 0.212328 0.975788
1742015277.936814 -23.423300 -43.343880 8.304932 -0.090464 0.025402 0.244098 0.965188
1742015278.938973 -22.745182 -42.989574 8.376652 -0.085354 0.030766 0.241472 0.966157
1742015280.005640 -21.810099 -42.840805 8.438395 -0.088500 0.033207 0.217084 0.971565
1742015281.038628 -21.023584 -42.723980 8.655039 -0.066474 0.034351 0.221714 0.972237
1742015282.040937 -20.238358 -42.534081 8.744592 -0.075642 0.023484 0.258814 0.962674
1742015283.073666 -19.449411 -42.368114 8.896730 -0.062524 0.014147 0.288480 0.955338
1742015284.139713 -18.509169 -42.123783 9.030181 -0.044370 0.015940 0.328744 0.943242
1742015285.172471 -17.575350 -41.943092 9.196259 -0.051293 0.033622 0.288737 0.955442
1742015286.271867 -16.592808 -41.886990 9.360321 -0.064427 0.038203 0.142097 0.987015
1742015287.304942 -15.538880 -41.857719 9.509834 -0.060946 0.050713 0.104320 0.991378
1742015288.338960 -14.572534 -41.910904 9.571809 -0.074986 0.065098 0.091836 0.990811
1742015289.406116 -13.514890 -41.984940 9.602984 -0.061226 0.032663 0.059010 0.995843
1742015290.440777 -12.455820 -42.169617 9.632490 -0.069846 0.023649 -0.063618 0.995246
1742015291.540753 -11.432858 -42.552517 9.698292 -0.085119 0.024778 -0.120170 0.988787
1742015292.607796 -10.477524 -42.885807 9.709630 -0.041442 0.047509 -0.073005 0.995337
1742015293.608945 -9.671223 -43.276390 9.789016 -0.042991 0.035281 -0.123249 0.990816
1742015294.677332 -8.980496 -43.534309 9.809940 -0.059510 0.033819 -0.062061 0.995722
1742015295.710826 -8.595773 -43.730972 9.881162 -0.049718 0.005945 -0.035571 0.998112
1742015296.777058 -8.259562 -43.818241 9.947744 -0.059207 -0.048563 -0.224967 0.971353
1742015297.844445 -8.485689 -44.101933 9.915698 -0.090350 -0.026337 -0.546637 0.832065
1742015298.878021 -8.743338 -44.345390 9.814171 -0.044058 0.027506 -0.628421 0.776137
1742015299.911262 -8.733615 -45.139790 9.807020 -0.031244 0.058015 -0.590987 0.803986
1742015300.944508 -8.611938 -46.123562 9.956319 -0.010969 0.060634 -0.590078 0.804992
1742015302.044429 -8.517865 -47.081081 10.056201 -0.025910 0.036862 -0.561875 0.825994
1742015303.111009 -8.393779 -47.950062 10.262718 -0.014643 0.021142 -0.588419 0.808147
1742015304.210947 -8.491408 -49.108433 10.459666 -0.023922 0.036487 -0.686524 0.725797
1742015305.211050 -8.825605 -50.020107 10.564800 -0.040358 0.019935 -0.793879 0.606408
1742015306.245731 -9.122754 -51.207352 10.950565 -0.124762 -0.050124 -0.751779 0.645562
1742015307.279180 -9.289669 -52.168587 11.173391 -0.096308 -0.038561 -0.699644 0.706921
1742015308.279310 -9.307894 -53.176613 11.411664 -0.112181 -0.014844 -0.629842 0.768436
1742015309.313124 -9.418586 -54.149754 11.584772 -0.083200 -0.044332 -0.607384 0.788795
1742015310.348087 -9.376739 -54.967804 11.766173 -0.099816 -0.030661 -0.539332 0.835594
1742015311.415208 -9.171777 -55.793743 11.937335 -0.067679 -0.031492 -0.510762 0.856475
1742015312.482295 -9.128303 -56.502174 12.055851 -0.068090 -0.001021 -0.701815 0.709097
1742015313.549387 -9.349724 -57.027031 12.465663 -0.022385 0.054367 -0.706098 0.705669
1742015314.549800 -9.770034 -57.601791 12.641171 -0.047838 0.059267 -0.759369 0.646187
1742015315.583555 -10.008913 -58.438358 12.474993 -0.090095 0.011882 -0.713233 0.695011
1742015316.650669 -10.058043 -59.345608 12.050642 -0.059893 0.064737 -0.716902 0.691574
1742015317.651100 -9.758750 -60.704498 11.878036 -0.060615 0.050618 -0.609572 0.788788
1742015318.651534 -9.357463 -62.269493 11.822679 -0.044844 0.036627 -0.529409 0.846388
1742015319.718654 -8.855678 -63.892017 11.823236 -0.067404 0.022312 -0.499253 0.863543
1742015320.719087 -8.368323 -65.320976 11.812468 -0.073572 -0.001928 -0.506169 0.859288
1742015321.752879 -7.843497 -66.833298 11.786972 -0.063898 0.023644 -0.506864 0.859329
1742015322.753321 -7.360792 -68.173645 11.805696 -0.040512 0.041674 -0.494469 0.867250
1742015323.753769 -6.866625 -69.417679 11.838732 -0.031031 0.045534 -0.437379 0.897587
1742015324.754214 -6.162119 -70.489830 11.858411 -0.044444 0.032047 -0.364456 0.929607
1742015325.754657 -5.382321 -71.470863 11.880013 -0.054718 0.005722 -0.398138 0.915674
1742015326.755111 -4.649132 -72.519997 11.831485 -0.064630 0.056584 -0.431073 0.898219
1742015327.822256 -3.723150 -73.729439 12.037059 -0.072688 -0.056490 -0.311814 0.945673
1742015328.856079 -2.750993 -74.779968 12.237660 -0.094645 -0.090010 -0.341486 0.930767
1742015329.856526 -1.943558 -75.662979 12.281964 -0.067361 -0.075016 -0.281808 0.954159
1742015330.923762 -1.143116 -76.699837 12.339733 -0.071199 -0.053820 -0.391333 0.915911
1742015331.957546 -0.645438 -77.985558 12.348456 -0.102211 -0.026974 -0.474316 0.873985
1742015332.957976 -0.044089 -78.919838 12.386438 -0.077865 -0.010167 -0.353117 0.932278
1742015333.958394 0.731679 -79.651001 12.368306 -0.079192 -0.015334 -0.259903 0.962260
1742015334.958814 1.489684 -80.693382 12.454331 -0.090076 -0.006993 -0.261456 0.960978
1742015335.961347 2.291089 -81.477463 12.582475 -0.074076 -0.038213 -0.157274 0.984031
1742015336.962007 3.150120 -82.142181 12.585900 -0.080736 0.015249 -0.184714 0.979352
1742015337.995525 4.012546 -82.877983 12.545010 -0.047739 0.099009 -0.311055 0.944014
1742015339.029042 4.806189 -83.946320 12.622658 -0.059584 0.035837 -0.429062 0.900595
1742015340.062577 5.441300 -85.140450 12.662625 -0.107463 -0.009220 -0.462407 0.880083
1742015341.062738 6.002181 -86.168861 12.658300 -0.103056 -0.011163 -0.441115 0.891444
1742015342.096232 6.651522 -87.146904 12.600981 -0.075371 0.013626 -0.359554 0.929976
1742015343.163087 7.385138 -88.071564 12.534381 -0.063863 0.043722 -0.256508 0.963438
1742015344.163329 8.181858 -89.035789 12.481606 -0.061773 0.055373 -0.297116 0.951231
1742015345.196858 9.010012 -89.860466 12.457802 -0.052533 0.049131 -0.222278 0.972327
1742015346.230379 9.649223 -90.341293 12.471584 -0.065032 0.000708 0.163573 0.984385
1742015347.297324 9.451488 -90.511490 12.462507 -0.053985 -0.007398 0.653795 0.754707
1742015348.297483 8.886693 -90.234230 12.426915 -0.072629 -0.016193 0.881337 0.466592
1742015349.297691 8.342087 -89.644981 12.413213 -0.130599 -0.051993 0.906629 0.397825
1742015350.297847 7.731715 -88.937775 12.473518 -0.084446 -0.067719 0.902145 0.417633
1742015351.331620 7.174512 -88.090347 12.534372 -0.067502 -0.054539 0.888066 0.451450
1742015352.333083 6.603624 -87.315529 12.479782 -0.099560 -0.050506 0.905222 0.410012
1742015353.366842 6.065174 -86.370361 12.497285 -0.112706 -0.062235 0.895209 0.426643
1742015359.603028 1.690780 -81.094193 12.483803 -0.105921 -0.064967 0.952450 0.278206
1742015360.636888 0.909117 -80.167053 12.386499 -0.115727 -0.057421 0.946708 0.295049
1742015361.637373 0.113041 -79.162628 12.360973 -0.092315 -0.094758 0.929868 0.343283
1742015362.671176 -0.514293 -78.157104 12.350660 -0.070060 -0.015640 0.882155 0.465456
1742015363.704966 -1.039816 -77.054901 12.385181 -0.064667 -0.042096 0.867311 0.491749
1742015364.738746 -1.625827 -76.269966 12.309320 -0.062034 -0.067844 0.912858 0.397793
1742015365.772516 -2.390913 -75.461456 12.260730 -0.066565 -0.069428 0.937265 0.335087
1742015366.772921 -3.166774 -74.438309 12.124584 -0.087818 -0.078149 0.932833 0.340592
1742015367.773327 -3.962160 -73.687683 12.085195 -0.056158 -0.033772 0.950780 0.302857
1742015368.775363 -4.753632 -72.687233 11.936357 -0.146663 -0.092430 0.931615 0.319437
1742015369.810022 -5.485273 -71.585754 11.971674 -0.108287 -0.091723 0.944992 0.294707
1742015370.843497 -6.063363 -70.526199 11.999694 -0.103909 -0.036638 0.927376 0.357540
1742015371.843622 -6.763549 -69.549675 12.019397 -0.088545 -0.028020 0.910054 0.403951
1742015372.843755 -7.304709 -68.426659 12.031094 -0.091542 -0.041695 0.873993 0.475414
1742015373.877308 -7.691945 -67.308708 12.113296 -0.058189 -0.055274 0.833198 0.547120
1742015374.910831 -7.961790 -66.165306 12.103043 -0.048515 -0.042944 0.802640 0.592935
1742015375.910974 -8.184650 -65.096954 12.066737 -0.073719 -0.029229 0.787855 0.610734
1742015376.944501 -8.573143 -64.055122 12.073973 -0.081163 -0.027621 0.862652 0.498479
1742015378.011348 -9.161180 -62.984913 12.055406 -0.068996 -0.055019 0.905315 0.415473
1742015379.011532 -9.719004 -62.143673 12.021824 -0.047846 -0.046980 0.931696 0.356995
1742015380.078367 -9.779870 -60.934166 12.023252 -0.066265 -0.004380 0.814454 0.576415
1742015381.111896 -9.501794 -59.637218 11.989271 -0.068744 -0.016912 0.730099 0.679665
1742015382.145434 -9.386066 -58.467896 12.069749 -0.054896 0.015758 0.763553 0.643215
1742015383.145575 -9.191471 -57.496105 12.269555 -0.073055 -0.008973 0.796693 0.599886
1742015384.179109 -8.981096 -56.647434 12.326677 -0.050575 -0.014103 0.869721 0.490744
1742015385.180862 -9.086324 -56.228180 12.355955 -0.066818 -0.001108 0.872796 0.483489
1742015386.214619 -9.082617 -55.803429 12.080798 -0.084783 -0.035620 0.868200 0.487618
1742015387.248415 -9.069253 -54.963970 11.936828 -0.072160 -0.018486 0.746839 0.660820
1742015388.282205 -8.945455 -54.222782 11.729420 -0.052213 0.025791 0.622445 0.780494
1742015389.282663 -8.827370 -53.320072 11.509400 -0.013344 -0.023061 0.603216 0.797133
1742015390.316487 -8.548794 -52.272896 11.181228 -0.039472 0.011316 0.550527 0.833807
1742015391.316967 -8.199941 -51.197205 10.855200 -0.050314 -0.004010 0.564030 0.824210
1742015392.317389 -7.855526 -50.127243 10.479221 -0.075943 0.019980 0.569188 0.818449
1742015393.351194 -7.807007 -49.036892 10.191412 -0.085705 0.011490 0.720488 0.688055
1742015394.351627 -8.002584 -48.035023 10.032783 -0.114000 0.004978 0.802198 0.586052
1742015395.385431 -8.200304 -47.041874 9.909907 -0.138727 -0.004114 0.834952 0.532535
1742015396.385873 -8.493013 -46.089127 9.771564 -0.132502 -0.019897 0.903391 0.407348
1742015397.419674 -8.985768 -45.347366 9.655578 -0.138777 -0.001166 0.937139 0.320173
1742015398.420171 -9.601153 -44.713757 9.602263 -0.139840 0.014564 0.948519 0.283802
1742015399.453949 -10.287022 -43.892670 9.536949 -0.130046 0.019863 0.940770 0.312482
1742015400.521079 -10.877559 -43.051224 9.451750 -0.146276 0.030839 0.898288 0.413197
1742015401.554835 -10.932769 -42.051411 9.423553 -0.121544 0.015468 0.818509 0.561276
1742015402.555253 -10.742366 -41.011452 9.302046 -0.111744 0.012155 0.798077 0.591979
1742015403.589036 -10.490692 -39.894146 9.169333 -0.120109 0.057078 0.769474 0.624681
1742015404.589486 -10.270383 -38.995499 9.067233 -0.145686 0.059894 0.759502 0.631145
1742015405.589932 -10.127317 -38.253918 8.954765 -0.139644 0.008241 0.763411 0.630584
1742015406.590363 -10.089441 -37.568779 8.764481 -0.129226 0.013239 0.781820 0.609822
1742015407.657485 -9.957788 -36.794018 8.350963 -0.111248 0.007588 0.722126 0.682716
1742015408.657922 -9.833086 -35.888638 8.343983 -0.107993 0.000217 0.736458 0.667808
1742015409.658364 -9.734222 -35.294930 8.205920 -0.112904 -0.020267 0.788968 0.603633
1742015410.658778 -9.694333 -34.508163 7.859866 -0.085981 -0.073596 0.749916 0.651780
1742015411.725894 -9.541158 -33.664375 7.719774 -0.116772 0.003247 0.768265 0.629383
1742015412.759650 -9.472919 -33.125435 7.626160 -0.133279 -0.009463 0.799962 0.584985
1742015413.793472 -9.431669 -32.569809 7.340144 -0.127227 0.032452 0.794382 0.593057
1742015414.827287 -9.481076 -32.289764 7.300677 -0.137273 0.069041 0.818999 0.552838
1742015415.861100 -9.441011 -31.845085 7.053737 -0.114525 0.013525 0.820459 0.559954
1742015416.928233 -9.408573 -31.188824 6.944234 -0.124488 0.009484 0.820109 0.558420
1742015417.995345 -9.461720 -30.505947 6.768152 -0.117252 -0.005739 0.847294 0.517988
1742015419.029127 -9.399982 -29.802896 6.477544 -0.101386 -0.030077 0.837105 0.536723
1742015420.096242 -9.328890 -29.152546 6.122917 -0.100691 -0.023722 0.819761 0.563285
1742015421.096664 -9.306840 -28.504261 5.946864 -0.124678 -0.007535 0.828315 0.546162
1742015422.097108 -9.315831 -27.640337 5.418035 -0.083782 -0.067481 0.839148 0.533158
1742015423.130922 -9.193470 -26.677448 4.913666 -0.127539 0.013634 0.767202 0.628449
1742015424.198028 -9.011139 -25.782194 4.337711 -0.097635 -0.023644 0.756980 0.645670
1742015425.267600 -8.916986 -24.926279 3.855016 -0.126069 0.011160 0.746283 0.653486
1742015426.267867 -8.800815 -24.433384 3.871375 -0.089041 0.006847 0.804787 0.586808
1742015427.268041 -8.883376 -23.989058 3.658953 -0.137142 -0.012874 0.843055 0.519889
1742015428.301582 -8.876916 -23.294847 3.236895 -0.137427 0.000770 0.832018 0.537456
1742015429.302043 -9.013890 -22.578512 3.121575 -0.116433 0.011300 0.880945 0.458531
1742015430.371284 -9.040999 -21.619507 2.618399 -0.128996 -0.006983 0.817114 0.561815
1742015431.404554 -9.073561 -20.815054 2.463231 -0.139274 0.003857 0.773077 0.618821
1742015432.471147 -8.900866 -20.011610 2.089523 -0.129635 0.010191 0.771514 0.622782
1742015433.537712 -8.872252 -18.997969 1.886189 -0.123710 0.022116 0.816241 0.563876
1742015434.570970 -8.743970 -18.144394 1.668694 -0.121464 0.008813 0.772347 0.623418
1742015435.670881 -8.389544 -17.202431 1.426475 -0.102851 0.002751 0.680608 0.725388
1742015436.704114 -7.829549 -16.323555 1.335565 -0.099869 0.041634 0.564933 0.818012
1742015437.737384 -7.496260 -15.604403 0.963897 -0.127291 0.060953 0.611046 0.778913
1742015438.837331 -6.768626 -14.471182 0.836350 -0.137564 0.024878 0.605657 0.783350
1742015439.870588 -6.052128 -13.559878 0.657943 -0.115971 0.054564 0.651852 0.747437
1742015440.871470 -5.538543 -12.683004 0.636057 -0.110858 0.046512 0.689202 0.714526
1742015441.872104 -5.513272 -11.807455 0.489558 -0.106329 0.018793 0.713512 0.692273
1742015442.905583 -5.273465 -10.732770 0.394268 -0.120110 0.047794 0.632729 0.763507
1742015443.939079 -4.887870 -9.768424 0.280471 -0.146711 0.077227 0.665311 0.727924
1742015444.972589 -4.409464 -8.838704 0.238208 -0.096705 0.052428 0.720035 0.685163
1742015446.007319 -4.161798 -7.806358 0.179459 -0.110043 0.017577 0.819923 0.561523
1742015447.041414 -3.938661 -6.615386 0.075522 -0.114116 0.001729 0.821577 0.558557
1742015448.041858 -3.625766 -5.394932 -0.013296 -0.148094 0.030809 0.779011 0.608491
1742015449.075612 -3.409891 -4.281794 -0.046980 -0.152648 0.022854 0.780131 0.606277
1742015450.076031 -3.176769 -3.199079 -0.044312 -0.145009 0.035253 0.709781 0.688434
1742015451.109830 -3.045864 -2.224875 -0.026378 -0.145412 0.042426 0.636587 0.756183
1742015452.110255 -2.885904 -1.349531 -0.025580 -0.113090 0.068211 0.625419 0.769031
1742015453.144103 -2.553230 -0.561625 0.019120 -0.102000 0.027373 0.582057 0.806261
1742015454.244639 -2.400411 -0.174830 0.028714 -0.120504 0.029493 0.567587 0.813913
1742015469.851494 -2.195827 -0.043292 -0.006895 -0.126051 0.073664 0.528439 0.836323
1742015470.851915 -2.094910 -0.005724 0.021428 -0.106067 0.053025 0.481659 0.868299
1742015472.886161 -2.181835 0.144613 0.009600 -0.115450 0.089262 0.521811 0.840486
1742015475.954211 -2.181363 0.057058 0.020149 -0.136987 0.055757 0.637298 0.756292
1742015477.021347 -2.292398 0.161219 0.014145 -0.144948 0.050328 0.653926 0.740836
1742015480.222796 -2.170754 0.166117 -0.007463 -0.145273 0.083883 0.618580 0.767606
1742015481.289904 -1.991693 0.107713 0.021431 -0.143075 0.067555 0.644468 0.748082
1742015482.357093 -1.951726 0.084260 0.003973 -0.160675 0.075401 0.566954 0.804401
1742015483.391055 -1.950235 -0.068902 -0.030331 -0.095202 0.177614 0.133100 0.970399
1742015484.425573 -2.186563 -0.197802 -0.035498 -0.060443 0.192320 0.014084 0.979368
1742015485.459241 -2.208830 -0.143870 -0.054720 -0.026605 0.202879 -0.146183 0.967865
1742015487.493241 -2.196120 -0.155018 -0.067428 -0.010329 0.204905 -0.237439 0.949489
1742015496.765174 -2.340182 -0.302009 -0.023438 0.002326 0.180172 -0.328047 0.927317
1742015497.831930 -2.260747 -0.336620 -0.007918 0.046385 0.161221 -0.567274 0.806261
1742015498.865407 -2.375690 -0.107253 0.004438 0.070580 0.124485 -0.727587 0.670924
1742015499.899168 -2.190425 -0.051466 0.022954 0.088067 0.114851 -0.835543 0.530021
1742015500.966206 -1.808718 0.130999 0.077821 -0.096523 -0.080393 0.867219 -0.481822
1742015501.999736 -1.343822 0.143807 0.087972 -0.094787 -0.092364 0.912521 -0.387026
1742015503.033296 -0.832281 0.220371 0.087076 -0.122143 -0.082906 0.955063 -0.257025
1742015504.066850 -0.391960 0.353065 0.095378 -0.128025 -0.072474 0.966737 -0.209228
1742015505.067028 -0.064802 0.298285 0.098378 -0.141349 -0.059180 0.983872 -0.092273
1742015506.067202 0.214670 0.383412 0.084076 -0.154539 -0.028666 0.985968 -0.056233
1742015507.067422 0.472198 0.291388 0.055747 -0.155389 -0.046473 0.986377 0.027483
1742015508.100950 0.672725 0.309569 -0.019221 -0.156915 -0.004976 0.980867 0.115122
1742015509.167804 0.877463 0.250919 -0.310245 -0.157325 -0.061578 0.985045 0.033813
