#timestamp x y z qx qy qz qw
1742016755.849736 -0.000337 -0.013597 -0.009785 0.003720 0.871451 -0.490387 0.008960
1742016757.943637 -0.126893 0.010247 0.009376 0.108766 0.842441 -0.526590 -0.034146
1742016759.007386 -0.487964 0.257410 0.020399 0.286411 0.784635 -0.518078 -0.184153
1742016760.036739 -0.864535 0.488526 -0.000570 0.471230 0.678168 -0.469869 -0.311854
1742016761.036909 -1.196283 0.811371 -0.032446 0.513685 0.651801 -0.426691 -0.359469
1742016762.037653 -1.595748 1.009261 -0.078514 0.588489 0.581427 -0.387160 -0.407100
1742016763.072353 -2.058542 1.271551 -0.177016 0.565095 0.609838 -0.391558 -0.394269
1742016764.106852 -2.624972 1.380410 -0.248800 0.458261 0.695815 -0.441347 -0.333244
1742016765.107260 -3.299717 1.241435 -0.304620 0.387843 0.728761 -0.488415 -0.282728
1742016766.141239 -3.954037 0.899732 -0.329259 0.304719 0.767987 -0.510435 -0.238326
1742016767.141610 -4.564178 0.482029 -0.338960 0.259735 0.787876 -0.523231 -0.194983
1742016768.142016 -5.134939 -0.092420 -0.349667 0.252973 0.798060 -0.521357 -0.165206
1742016769.142399 -5.630735 -0.708167 -0.291050 0.199687 0.792357 -0.561248 -0.131515
1742016770.176141 -6.166853 -1.323191 -0.237850 0.194139 0.791525 -0.563340 -0.135814
1742016771.209866 -6.776146 -1.973744 -0.175902 0.208257 0.778249 -0.572717 -0.151498
1742016772.276969 -7.397238 -2.676224 -0.064106 0.288955 0.760479 -0.551213 -0.185313
1742016773.344109 -8.012087 -3.142550 0.080675 0.330801 0.733147 -0.548574 -0.228325
1742016774.377876 -8.722994 -3.517497 0.223178 0.392021 0.690186 -0.537956 -0.283842
1742016775.411641 -9.472375 -3.939068 0.318676 0.388301 0.669256 -0.546118 -0.321050
1742016776.445416 -10.232597 -4.331449 0.351918 0.323890 0.685944 -0.577934 -0.300946
1742016777.479280 -11.111066 -4.674541 0.456706 0.322515 0.688221 -0.576775 -0.299442
1742016778.513090 -12.061774 -5.006144 0.538424 0.335935 0.658692 -0.589144 -0.325857
1742016779.546905 -12.847486 -5.380849 0.760342 0.338737 0.664416 -0.573065 -0.339715
1742016780.580685 -13.671008 -5.755719 0.811994 0.405432 0.636214 -0.544679 -0.366307
1742016781.614465 -14.453608 -6.003480 0.936526 0.394469 0.639018 -0.548935 -0.367044
1742016782.614901 -15.053144 -6.214868 1.160222 0.363024 0.671341 -0.564838 -0.313805
1742016783.648683 -15.811529 -6.525131 1.226133 0.290920 0.712112 -0.583735 -0.259837
1742016784.649118 -16.409027 -6.899115 1.316535 0.313624 0.709900 -0.568189 -0.273575
1742016785.649545 -16.774849 -7.161549 1.594424 0.282591 0.731459 -0.571225 -0.242511
1742016786.683331 -17.420811 -7.665350 1.666722 0.249929 0.729202 -0.592762 -0.233310
1742016787.683771 -17.865452 -8.133999 1.811589 0.261265 0.721790 -0.600565 -0.223790
1742016788.684211 -18.237741 -8.499508 2.103891 0.234219 0.739310 -0.600363 -0.195262
1742016789.684684 -18.632555 -9.037672 2.245714 0.199451 0.728025 -0.622131 -0.207731
1742016790.719815 -19.041561 -9.520504 2.357233 0.194943 0.732457 -0.620708 -0.200564
1742016791.754863 -19.403997 -9.939828 2.538273 0.264779 0.710653 -0.597368 -0.260799
1742016792.755046 -19.728449 -10.297063 2.828248 0.289628 0.717213 -0.585280 -0.243243
1742016793.788565 -20.182610 -10.639832 2.984153 0.258678 0.713623 -0.604967 -0.240505
1742016794.822100 -20.566830 -10.932575 3.324772 0.291986 0.710943 -0.589009 -0.249745
1742016795.855629 -21.117735 -11.195118 3.474870 0.297689 0.702065 -0.591650 -0.261602
1742016796.889148 -21.557035 -11.533021 3.734397 0.290603 0.722947 -0.580374 -0.236777
1742016797.889325 -21.786171 -11.714426 3.797288 0.302733 0.724722 -0.559487 -0.264775
1742016798.889511 -22.205847 -12.062343 3.923015 0.314204 0.717201 -0.564640 -0.260923
1742016799.923012 -22.596373 -12.256301 4.295793 0.353507 0.693487 -0.550781 -0.301245
1742016800.956528 -22.969147 -12.435189 4.424510 0.298806 0.718199 -0.582788 -0.235081
1742016801.990026 -23.406723 -12.748502 4.722649 0.293927 0.732970 -0.568419 -0.230788
1742016802.990187 -23.810303 -13.015390 5.068225 0.264894 0.753834 -0.560406 -0.217969
1742016804.023683 -24.268448 -13.503666 5.329402 0.273389 0.736848 -0.564566 -0.252148
1742016805.023819 -24.862644 -13.920337 5.639113 0.286701 0.747288 -0.549395 -0.239850
1742016806.057340 -25.280088 -14.281738 5.721391 0.307079 0.739160 -0.539037 -0.262266
1742016807.092221 -25.697908 -14.490751 6.030603 0.294217 0.748664 -0.555197 -0.211413
1742016808.126231 -26.314268 -14.955992 6.267879 0.252578 0.722314 -0.591894 -0.253237
1742016809.126643 -26.970186 -15.365993 6.549866 0.257800 0.726915 -0.593151 -0.230881
1742016810.160457 -27.413126 -15.710856 6.636920 0.270943 0.733321 -0.577201 -0.235944
1742016811.194246 -27.820635 -15.970912 6.942617 0.236217 0.727548 -0.594625 -0.247580
1742016812.194692 -28.240816 -16.464867 7.127682 0.230919 0.753063 -0.568280 -0.237970
1742016813.261818 -28.961092 -16.966309 7.229596 0.264202 0.699462 -0.608636 -0.265542
1742016814.295609 -29.455563 -17.340679 7.557671 0.314370 0.716025 -0.558723 -0.276238
1742016815.296059 -30.084635 -17.826515 7.727705 0.287541 0.687771 -0.600872 -0.288519
1742016816.296622 -30.879951 -18.263607 7.908600 0.317453 0.692239 -0.574122 -0.300687
1742016817.332835 -31.397652 -18.581779 8.225556 0.298577 0.724074 -0.566826 -0.255494
1742016818.333089 -32.040657 -18.662573 8.369311 0.283048 0.723010 -0.564887 -0.279362
1742016819.367358 -32.751789 -18.865522 8.527258 0.286290 0.734156 -0.564952 -0.244708
1742016820.367500 -33.578541 -18.881857 8.675871 0.354493 0.696657 -0.544756 -0.303716
1742016821.400917 -34.418190 -18.748802 8.763903 0.404257 0.649927 -0.535824 -0.356460
1742016822.400998 -35.217106 -18.494053 8.792284 0.535380 0.575731 -0.440054 -0.433883
1742016823.434430 -36.025780 -18.080648 8.846251 0.605309 0.502332 -0.387795 -0.480498
1742016824.434539 -36.662106 -17.676743 8.879821 0.611955 0.512055 -0.381516 -0.466643
1742016825.434978 -37.222954 -17.235849 8.858032 0.669803 0.458727 -0.334489 -0.478592
1742016826.470669 -37.851883 -16.535158 8.823614 0.665436 0.455013 -0.318745 -0.498558
1742016827.503856 -38.453838 -15.931270 8.833093 0.589039 0.522368 -0.401765 -0.467708
1742016828.570363 -39.030083 -15.597235 8.821492 0.570895 0.550916 -0.399829 -0.459029
1742016829.603544 -39.646461 -15.311596 8.623868 0.609382 0.498686 -0.394175 -0.473911
1742016830.636733 -40.436218 -14.823463 8.457359 -0.622464 -0.474064 0.359725 0.508331
1742016831.703232 -41.088722 -14.284692 8.344906 -0.632520 -0.438181 0.353438 0.531975
1742016832.737014 -41.865211 -13.698558 8.233340 -0.629524 -0.431830 0.324127 0.558717
1742016833.771225 -42.581661 -13.112749 8.140702 -0.651211 -0.423708 0.312327 0.546670
1742016834.804900 -43.290020 -12.634547 7.995860 -0.631821 -0.442034 0.336698 0.540409
1742016835.871975 -44.113148 -12.128029 7.879391 -0.594509 -0.505686 0.354131 0.515202
1742016836.872171 -44.827251 -11.761080 7.692857 0.586133 0.521506 -0.372938 -0.495377
1742016837.872334 -45.570030 -11.329401 7.596494 -0.593868 -0.491256 0.357769 0.527247
1742016838.872476 -46.345615 -11.044951 7.392220 0.575907 0.521081 -0.385541 -0.498161
1742016839.905984 -46.961536 -10.852008 7.193981 0.546578 0.565817 -0.417962 -0.454325
1742016840.906161 -47.579845 -10.678127 7.092710 0.569688 0.558060 -0.397299 -0.454069
1742016841.907232 -48.200058 -10.500560 6.890913 0.569797 0.552321 -0.410279 -0.449381
1742016842.941587 -48.752098 -10.386949 6.772938 0.588044 0.563675 -0.382404 -0.436167
1742016843.942020 -49.149620 -10.295053 6.589614 0.515712 0.620224 -0.436847 -0.398156
1742016844.942439 -49.787685 -10.309567 6.362841 0.499163 0.614424 -0.455283 -0.407475
1742016845.976211 -50.483334 -10.149567 6.268474 0.563119 0.576454 -0.400324 -0.436277
1742016846.976645 -51.236012 -9.840646 6.120768 0.501548 0.576346 -0.441034 -0.470918
1742016847.977092 -51.813980 -9.586372 5.897377 0.500482 0.625989 -0.436792 -0.408494
1742016849.010893 -52.456604 -9.557323 5.750940 0.563935 0.553560 -0.409194 -0.456189
1742016850.046635 -53.192257 -9.404949 5.640216 0.608620 0.508408 -0.370064 -0.483896
1742016851.047681 -53.832485 -9.225028 5.539604 0.621308 0.524129 -0.349761 -0.465760
1742016852.081193 -54.461090 -8.914933 5.473003 0.622526 0.512530 -0.359730 -0.469435
1742016853.114729 -55.162434 -8.432755 5.418773 -0.650755 -0.464922 0.322009 0.506633
1742016854.148233 -55.798565 -7.885341 5.319130 -0.730958 -0.364032 0.251567 0.519514
1742016855.215066 -56.403286 -7.258850 5.217634 -0.753540 -0.340679 0.226215 0.514724
1742016856.248586 -57.046463 -6.581715 5.091872 -0.731710 -0.309862 0.211130 0.569219
1742016857.282095 -57.655704 -5.969121 4.969199 -0.746609 -0.338901 0.200261 0.536299
1742016858.348956 -58.323044 -5.507686 4.939160 0.674889 0.485679 -0.272722 -0.484008
1742016859.349185 -59.166405 -5.190736 4.884126 -0.581891 -0.512711 0.379863 0.504216
1742016860.382704 -60.138397 -4.906319 4.810625 0.611939 0.516696 -0.355814 -0.481614
1742016861.416184 -61.185051 -4.647461 4.758638 0.610334 0.518778 -0.351252 -0.484751
1742016862.449674 -62.272236 -4.491992 4.713105 0.548062 0.596792 -0.393977 -0.433878
1742016863.449826 -63.199062 -4.486057 4.669409 0.484644 0.646644 -0.435131 -0.397029
1742016864.449995 -64.149071 -4.539298 4.565004 0.454130 0.685696 -0.449467 -0.348664
1742016865.483736 -65.137321 -4.709908 4.552240 0.461100 0.670976 -0.450183 -0.366761
1742016866.485328 -66.088333 -4.923551 4.551560 0.449114 0.697340 -0.449409 -0.331731
1742016867.486176 -67.048386 -5.197625 4.500480 0.429459 0.713173 -0.465452 -0.300507
1742016868.522140 -67.985992 -5.593422 4.528961 0.395405 0.728772 -0.472542 -0.298748
1742016869.555650 -68.917152 -6.045668 4.525110 0.409719 0.721036 -0.475467 -0.293544
1742016870.622497 -69.966431 -6.504678 4.527751 0.440167 0.677164 -0.471874 -0.353605
1742016871.656009 -70.956528 -6.772913 4.589224 0.504399 0.654678 -0.433556 -0.359176
1742016872.656183 -71.961121 -6.863918 4.660902 0.534091 0.614823 -0.445521 -0.371821
1742016873.689689 -72.972359 -6.902617 4.807893 0.555212 0.590016 -0.425746 -0.402941
1742016874.723198 -73.962425 -6.773709 4.932282 0.565256 0.569116 -0.432829 -0.411402
1742016875.756729 -74.864914 -6.654415 5.103955 0.545872 0.576249 -0.433743 -0.426414
1742016876.790244 -75.467812 -6.628819 5.284067 0.518961 0.567457 -0.483689 -0.417991
1742016877.790432 -75.914078 -6.670476 5.342440 0.476067 0.614919 -0.488196 -0.396106
1742016878.857330 -76.344849 -6.734420 5.337677 0.550840 0.548992 -0.473029 -0.414036
1742016879.890864 -76.573250 -6.610851 5.401117 0.650056 0.466374 -0.340724 -0.493791
1742016880.891049 -76.909630 -6.108378 5.504384 0.630968 0.491958 -0.335071 -0.497578
1742016881.891225 -77.550667 -5.937483 5.551525 0.598453 0.546540 -0.388706 -0.438242
1742016882.924749 -78.418610 -5.716147 5.571862 0.551499 0.561244 -0.424499 -0.447946
1742016883.925798 -79.216614 -5.529933 5.565624 0.518748 0.597871 -0.441839 -0.422171
1742016884.993511 -79.874763 -5.506554 5.525656 0.545592 0.584702 -0.418218 -0.430751
1742016886.060675 -80.262932 -5.514810 5.511152 0.578580 0.563309 -0.398802 -0.434610
1742016891.329723 -80.686790 -5.450405 5.483917 0.537449 0.585611 -0.442575 -0.415134
1742016892.363491 -81.253464 -5.386332 5.445020 0.554979 0.565767 -0.429208 -0.433228
1742016893.397260 -82.125534 -5.136500 5.522805 0.605447 0.509597 -0.404000 -0.458834
1742016894.397722 -83.087692 -4.836637 5.564272 0.590941 0.515939 -0.407247 -0.467701
1742016895.431497 -84.097824 -4.576140 5.604650 0.575549 0.528689 -0.410819 -0.469532
1742016896.431920 -84.936783 -4.372671 5.579230 0.564880 0.541408 -0.430734 -0.449728
1742016897.465687 -85.522453 -4.222789 5.556929 0.601798 0.532684 -0.377306 -0.460137
1742016898.466123 -86.319145 -3.954225 5.573483 0.576216 0.542885 -0.391749 -0.468811
1742016899.466568 -87.373619 -3.645818 5.616123 0.560826 0.534588 -0.409099 -0.482004
1742016900.500381 -88.376503 -3.320391 5.671854 0.581024 0.509208 -0.417176 -0.478625
1742016901.534251 -89.303482 -3.028243 5.639318 0.576481 0.531955 -0.410103 -0.465306
1742016902.568059 -90.120064 -2.871264 5.632738 0.578900 0.540625 -0.413402 -0.449109
1742016903.601851 -90.638863 -2.764555 5.655437 0.570569 0.549316 -0.418988 -0.444017
1742016904.602244 -90.737350 -2.711707 5.643595 0.588866 0.537251 -0.399808 -0.452495
1742016906.669825 -90.878654 -2.630399 5.609142 0.614946 0.526288 -0.364734 -0.460253
1742016907.737880 -91.176048 -2.492739 5.611073 0.618058 0.524400 -0.368035 -0.455587
1742016908.773221 -91.512238 -2.519286 5.607407 0.631669 0.521435 -0.358332 -0.447994
1742016909.806733 -91.853470 -2.426029 5.607298 0.619093 0.531150 -0.370810 -0.443963
1742016910.840253 -92.507446 -2.176456 5.674544 0.588199 0.523553 -0.428183 -0.443365
1742016911.873766 -93.236198 -1.946657 5.758821 0.548709 0.539176 -0.447605 -0.455914
1742016913.073934 -94.134819 -1.937214 5.748466 0.554913 0.560518 -0.464384 -0.402788
1742016914.074078 -95.066345 -1.927198 5.782166 0.544065 0.548794 -0.462294 -0.434860
1742016915.074258 -96.077904 -1.716753 5.794904 -0.614591 -0.463764 0.384575 0.509218
1742016916.107774 -97.062210 -1.484807 5.810051 0.603958 0.496119 -0.387030 -0.489192
1742016917.107988 -98.076958 -1.121481 5.788710 -0.581863 -0.488821 0.400794 0.511716
1742016918.108182 -99.022484 -0.652498 5.858176 -0.611734 -0.460062 0.379494 0.519719
1742016919.141719 -99.980965 -0.276430 5.829847 -0.612542 -0.479822 0.375395 0.503628
1742016920.175234 -100.964836 0.091024 5.863781 -0.619810 -0.480307 0.361490 0.504446
1742016921.175387 -101.971687 0.466555 5.845484 0.616091 0.489392 -0.379020 -0.487105
1742016922.177595 -102.927101 0.905384 5.897256 -0.622350 -0.478641 0.363425 0.501503
1742016923.211481 -103.973457 1.377468 5.929596 0.633691 0.477739 -0.351668 -0.496519
1742016924.212664 -105.082283 1.865288 5.913891 -0.643310 -0.436717 0.330345 0.535073
1742016925.247168 -106.076904 2.351412 5.947887 -0.683158 -0.403851 0.311862 0.522438
1742016926.247425 -106.931725 2.850965 5.983829 -0.653774 -0.431953 0.314256 0.535947
1742016927.280884 -107.745445 3.558490 5.991409 -0.670232 -0.416747 0.306116 0.532357
1742016928.280989 -108.563965 4.301380 5.958747 -0.648782 -0.405319 0.294877 0.572579
1742016929.314396 -109.380074 5.088630 5.893159 -0.682670 -0.387253 0.291948 0.546592
1742016930.314476 -110.140709 5.797809 5.872025 -0.674763 -0.392136 0.287746 0.555092
1742016931.347903 -110.977783 6.543434 5.726040 -0.653681 -0.413297 0.285541 0.565997
1742016932.381346 -112.010666 7.102231 5.693386 -0.623346 -0.461309 0.335467 0.534880
1742016933.383785 -112.859108 7.424786 5.736210 0.602888 0.518276 -0.368866 -0.481513
1742016934.386116 -113.773262 7.758506 5.767436 -0.590284 -0.503648 0.380604 0.503036
1742016935.419202 -114.802071 7.998483 5.790317 0.574849 0.531188 -0.431138 -0.448896
1742016936.452155 -115.828316 8.074107 5.777784 0.536929 0.564846 -0.439124 -0.447019
1742016937.485206 -116.841293 8.128010 5.770108 0.532581 0.568225 -0.459212 -0.427319
1742016938.486411 -117.752342 8.207115 5.754611 0.563851 0.541326 -0.461734 -0.419333
1742016939.519634 -118.676414 8.237984 5.634046 0.560523 0.508548 -0.474184 -0.449825
1742016940.586207 -119.649994 8.146814 5.416728 0.551541 0.554881 -0.454100 -0.426267
1742016941.619849 -120.493362 8.105331 5.276298 0.546710 0.568702 -0.456935 -0.410972
1742016942.653103 -121.391197 8.305407 5.107390 0.604010 0.513570 -0.395021 -0.464086
1742016943.686368 -122.329315 8.534534 4.973295 0.617278 0.499050 -0.376981 -0.477286
1742016944.719634 -123.316132 8.603400 4.959292 0.587955 0.522984 -0.412704 -0.458772
1742016945.786211 -124.396210 8.877021 4.938999 -0.601551 -0.463761 0.399050 0.513635
1742016946.886107 -125.545448 9.280536 4.961715 0.606279 0.489111 -0.378665 -0.499810
1742016947.919344 -126.371803 9.543453 4.912827 0.654283 0.441651 -0.375190 -0.485891
1742016948.953268 -127.293098 9.845646 4.795640 -0.597516 -0.456953 0.388432 0.532250
1742016949.954815 -128.321884 10.150860 4.748440 -0.581301 -0.494859 0.394040 0.511796
1742016950.989258 -129.403625 10.482475 4.704145 -0.584467 -0.475346 0.406133 0.517205
1742016952.023037 -130.342422 10.778297 4.664527 -0.557183 -0.495746 0.438122 0.501828
1742016953.056926 -131.385468 11.036148 4.673042 0.559881 0.502889 -0.461257 -0.469976
1742016954.090789 -132.430725 11.271687 4.668846 -0.524747 -0.509969 0.452111 0.510067
1742016955.091238 -132.892838 11.439496 4.680149 0.549004 0.512908 -0.438189 -0.493468
1742016956.091682 -133.506088 11.773329 4.720201 -0.597693 -0.471979 0.406591 0.504660
1742016957.125461 -134.335724 12.186625 4.800487 -0.551922 -0.487974 0.440489 0.513063
1742016958.125918 -135.227844 12.540290 4.972662 -0.557563 -0.485429 0.425411 0.522023
1742016959.159706 -136.269638 12.963113 5.023946 0.554506 0.502124 -0.442906 -0.494196
1742016960.160179 -137.298096 13.340592 5.092993 0.563442 0.550106 -0.415308 -0.455451
1742016961.193975 -138.208038 13.696157 5.290955 0.588701 0.488650 -0.408577 -0.497712
1742016962.227715 -139.052429 14.005542 5.425861 0.627227 0.469569 -0.383102 -0.489208
1742016963.228129 -139.815720 14.332106 5.508708 0.561525 0.492809 -0.446468 -0.492437
1742016964.228535 -140.630478 14.722081 5.690845 0.557309 0.492942 -0.455360 -0.488940
1742016965.228930 -141.515778 15.141597 5.761266 -0.617256 -0.422965 0.385073 0.540198
1742016966.229366 -142.292450 15.644514 5.874838 -0.646765 -0.403278 0.342772 0.549154
1742016967.229784 -142.970551 16.323261 5.962933 -0.663960 -0.400763 0.344418 0.529077
1742016968.230344 -143.785263 16.935850 5.940166 -0.644962 -0.412369 0.342046 0.544960
1742016969.264192 -144.572266 17.620970 5.924787 -0.697913 -0.355929 0.290531 0.549385
1742016970.297945 -145.277512 18.361898 5.890255 -0.710866 -0.340171 0.260363 0.557821
1742016971.365066 -145.937378 19.084896 5.864847 -0.707348 -0.364780 0.294441 0.529055
1742016972.398860 -146.552429 19.903950 5.785872 -0.709303 -0.302466 0.253330 0.584146
1742016973.432643 -146.999725 20.715061 5.668589 -0.744444 -0.221349 0.198299 0.597900
1742016974.433081 -147.218948 21.481981 5.528924 -0.780141 -0.156275 0.125143 0.592704
1742016975.433481 -147.413025 22.219130 5.271591 -0.763101 -0.170512 0.130827 0.609498
1742016976.467293 -147.592163 23.012409 5.067595 -0.794904 -0.196156 0.181031 0.544866
1742016977.501058 -147.955276 23.916624 4.902433 -0.714575 -0.283257 0.245246 0.590765
1742016978.534812 -148.203415 24.647036 4.804959 -0.746079 -0.152808 0.150912 0.630271
1742016979.535238 -148.231293 25.053640 4.771196 -0.747330 0.004853 0.031551 0.663686
1742016980.535673 -148.034546 25.079241 4.779324 -0.729273 0.216190 -0.145771 0.632592
1742016981.569427 -147.860458 25.009232 4.791351 -0.615057 0.422233 -0.348620 0.567352
1742016982.636531 -147.826813 24.865641 4.780031 -0.469933 0.582854 -0.501335 0.433713
1742016983.636971 -147.857605 24.655746 4.773055 -0.337626 0.676228 -0.583026 0.298000
1742016984.670846 -147.816650 24.261162 4.725574 -0.240219 0.737787 -0.595998 0.206767
1742016985.671294 -147.521835 23.504309 4.815202 -0.142281 0.743733 -0.630040 0.172241
1742016986.671748 -147.232803 22.555065 4.948020 -0.097261 0.756715 -0.632437 0.133963
1742016987.705532 -147.047028 21.358738 5.188927 -0.075314 0.739082 -0.658794 0.118643
1742016988.739320 -146.652359 20.454012 5.453976 -0.240626 0.753511 -0.569999 0.222311
1742016989.739763 -146.143494 19.523296 5.683163 -0.271170 0.697107 -0.622623 0.229891
1742016990.773551 -145.544556 18.692884 5.826952 -0.322063 0.685129 -0.575085 0.310082
1742016991.807355 -144.756699 17.953867 5.862782 -0.371800 0.682523 -0.555249 0.296017
1742016992.874511 -143.945023 17.212967 5.916760 -0.383362 0.658507 -0.564060 0.318181
1742016993.908281 -143.110245 16.497931 5.935821 -0.368456 0.683838 -0.540551 0.323126
1742016994.942079 -142.324463 15.932460 5.929786 -0.425194 0.631672 -0.556064 0.333157
1742016995.942582 -141.535507 15.368617 5.883602 -0.440119 0.635546 -0.534131 0.342170
1742016996.943065 -140.665482 14.885845 5.714896 -0.507044 0.547086 -0.480504 0.461214
1742016997.976853 -139.452347 14.460482 5.519139 -0.525098 0.555458 -0.478192 0.432517
1742016999.010655 -138.356140 13.979267 5.432444 0.546250 -0.527350 0.457238 -0.463084
1742017000.077780 -137.233261 13.596291 5.276461 0.552824 -0.551529 0.428469 -0.454551
1742017001.144905 -136.292389 13.300782 5.140854 -0.510268 0.544760 -0.454385 0.486207
1742017002.178686 -135.445953 12.870335 4.945549 -0.453817 0.632473 -0.506385 0.370948
1742017003.212468 -134.493622 12.271954 4.907400 -0.296845 0.657717 -0.553126 0.416346
1742017004.212901 -134.068100 11.913744 4.867803 -0.244371 0.693961 -0.593337 0.326575
1742017005.213322 -133.362137 11.584305 4.785475 -0.277917 0.666160 -0.577106 0.382022
1742017006.247077 -132.279541 11.103334 4.674055 -0.329659 0.651637 -0.545062 0.411827
1742017007.247489 -131.087387 10.724294 4.591489 -0.436715 0.617760 -0.505099 0.415365
1742017008.247944 -130.018982 10.379770 4.595741 -0.457324 0.612467 -0.495820 0.412192
1742017009.315063 -129.075287 10.142763 4.579096 -0.487823 0.620580 -0.486183 0.374880
1742017010.315481 -128.073685 9.838537 4.649428 -0.492110 0.569086 -0.535482 0.383704
1742017011.315983 -127.101952 9.414145 4.810036 -0.452175 0.569290 -0.548409 0.413152
1742017012.316477 -126.230675 9.034976 4.870116 -0.431718 0.601370 -0.551694 0.384197
1742017013.316903 -125.459747 8.719941 4.891465 -0.453311 0.606498 -0.516121 0.400360
1742017014.350708 -124.703529 8.442741 4.833467 -0.456492 0.626331 -0.505095 0.379742
1742017015.351136 -123.954865 8.259015 4.819125 -0.498581 0.587069 -0.502613 0.392615
1742017016.418308 -123.020386 8.059148 4.880122 -0.510742 0.548112 -0.502676 0.431315
1742017017.485440 -122.038155 7.813224 4.911223 -0.500098 0.542971 -0.482922 0.471032
1742017018.552546 -121.159996 7.603599 5.064970 -0.428503 0.558973 -0.548926 0.450128
1742017019.553022 -120.250893 7.496827 5.159974 -0.485951 0.543600 -0.504723 0.462175
1742017020.553590 -119.431839 7.442981 5.294729 0.526654 -0.517534 0.468235 -0.485335
1742017021.589784 -118.678108 7.449009 5.387160 0.551748 -0.481643 0.468891 -0.493695
1742017022.589941 -117.853165 7.374970 5.500311 -0.578236 0.468105 -0.440735 0.502268
1742017023.590095 -116.997276 7.273834 5.634522 0.552426 -0.511368 0.446946 -0.483289
1742017024.623605 -116.259712 7.358344 5.673474 0.590507 -0.530377 0.372543 -0.480847
1742017025.623766 -115.281532 7.212138 5.648968 0.559272 -0.550065 0.419451 -0.456842
1742017026.623917 -114.297333 6.965317 5.666007 -0.532605 0.579234 -0.448782 0.423574
1742017027.657463 -113.387428 6.727771 5.590034 -0.522111 0.613613 -0.448298 0.387179
1742017028.657657 -112.676605 6.582160 5.540623 -0.514313 0.623531 -0.457750 0.370347
1742017029.691165 -111.794304 6.259127 5.547245 -0.493800 0.603698 -0.483177 0.397807
1742017030.724705 -110.911919 5.521848 5.505713 -0.320029 0.676127 -0.559843 0.356385
1742017031.758264 -109.975151 4.796618 5.549346 -0.230283 0.705002 -0.609916 0.279187
1742017032.758506 -109.168343 4.229576 5.681224 -0.318503 0.691386 -0.583833 0.282277
1742017033.825372 -108.450531 3.661831 5.737249 -0.347671 0.696690 -0.562269 0.278570
1742017034.825550 -107.813034 2.930036 5.816632 -0.360370 0.686001 -0.543179 0.323253
1742017035.892440 -107.001877 2.243458 5.869585 -0.413222 0.645553 -0.523265 0.372429
1742017036.893144 -106.244804 1.711518 5.921590 -0.460345 0.638729 -0.507547 0.350006
1742017038.061168 -105.342941 1.181168 5.899970 -0.462582 0.606872 -0.516400 0.388657
1742017039.094970 -104.488876 0.687576 5.854356 -0.494625 0.608160 -0.491919 0.378819
1742017040.095448 -103.945915 0.305302 5.832689 -0.519322 0.604907 -0.462533 0.387886
1742017041.095949 -103.292351 -0.003147 5.860746 -0.474974 0.618698 -0.506291 0.367807
1742017042.096385 -102.761703 -0.222775 5.881793 -0.480479 0.589482 -0.511821 0.399613
1742017043.130128 -102.329201 -0.318702 5.851284 -0.477360 0.628093 -0.480497 0.383078
1742017044.163894 -101.827950 -0.534416 5.819062 -0.494826 0.618134 -0.467097 0.393545
1742017045.164302 -101.023575 -0.795568 5.830957 -0.498359 0.596862 -0.455887 0.433083
1742017046.164722 -100.058983 -1.222173 5.821855 -0.484367 0.609236 -0.491815 0.390304
1742017047.233600 -99.021515 -1.628307 5.792474 -0.458893 0.621619 -0.515839 0.370023
1742017048.268011 -98.012337 -2.008894 5.767597 -0.459690 0.626700 -0.512018 0.365745
1742017049.303426 -96.963310 -2.372750 5.761956 -0.514732 0.578244 -0.478757 0.414098
1742017050.338477 -95.870415 -2.678234 5.752403 0.558811 -0.513655 0.459426 -0.461320
1742017051.338676 -94.763939 -2.802492 5.762534 -0.603302 0.475597 -0.383016 0.512966
1742017052.371772 -93.486443 -2.850193 5.720487 -0.573330 0.487252 -0.427667 0.500978
1742017053.404829 -92.252480 -3.267999 5.672457 -0.427739 0.640477 -0.528897 0.356505
1742017054.437929 -91.091148 -3.618096 5.681730 -0.511124 0.576349 -0.471091 0.429707
1742017055.504340 -89.805992 -3.922606 5.724376 -0.527144 0.541994 -0.472684 0.452693
1742017056.537466 -88.639450 -4.316897 5.668946 -0.470627 0.630067 -0.485256 0.382168
1742017057.570625 -87.619461 -4.830132 5.627181 -0.445718 0.640687 -0.510988 0.360203
1742017058.603742 -86.478394 -5.219466 5.670429 -0.417967 0.621042 -0.528837 0.399927
1742017061.269836 -83.190704 -5.826678 5.655174 -0.570375 0.508487 -0.403886 0.502980
1742017062.336262 -81.820129 -6.235960 5.635765 0.555765 -0.518986 0.462097 -0.456338
1742017063.370529 -80.391472 -6.594398 5.576055 0.536441 -0.511302 0.478150 -0.471353
1742017064.370864 -79.120583 -6.884938 5.690643 0.543635 -0.537866 0.442940 -0.467937
1742017065.372058 -77.910484 -7.115562 5.707740 0.561495 -0.505131 0.440452 -0.485354
1742017066.406691 -76.809708 -7.354450 5.690862 0.554107 -0.508299 0.447073 -0.484482
1742017067.407295 -76.217621 -7.444554 5.661601 -0.531319 0.533436 -0.475433 0.455093
1742017068.407844 -75.844925 -7.792043 5.501346 0.627140 -0.468125 0.407917 -0.470274
1742017069.475007 -75.241570 -8.010040 5.492980 0.565294 -0.544548 0.426262 -0.449679
1742017070.475474 -74.581863 -7.979822 5.350158 0.599190 -0.502394 0.378169 -0.495540
1742017071.509259 -73.429176 -8.080635 5.127164 0.632828 -0.476790 0.398948 -0.461563
1742017072.509709 -72.293762 -8.087675 4.983889 0.639829 -0.452864 0.395514 -0.478646
1742017073.545910 -71.141068 -7.976285 4.835955 -0.654274 0.408906 -0.370662 0.517040
1742017074.546277 -70.018448 -7.729192 4.732778 -0.643975 0.392323 -0.364994 0.546039
1742017075.579825 -68.845963 -7.422086 4.690421 -0.623302 0.442389 -0.393050 0.511175
1742017076.713343 -67.526596 -7.227459 4.661342 0.607447 -0.489096 0.395110 -0.485470
1742017077.780209 -66.230652 -6.961939 4.685866 -0.647539 0.449848 -0.339481 0.512916
1742017078.780410 -65.146187 -6.515256 4.662094 -0.675634 0.388533 -0.303431 0.548170
1742017079.780565 -63.945332 -6.178200 4.690420 -0.638006 0.396412 -0.336329 0.568057
1742017080.780712 -62.697250 -5.977583 4.721377 0.592945 -0.504695 0.388792 -0.492484
1742017081.847532 -61.494762 -5.989738 4.788625 -0.531095 0.563254 -0.441795 0.453322
1742017082.881039 -60.444641 -6.145155 4.782676 -0.484384 0.591827 -0.483162 0.426224
1742017083.881214 -59.366093 -6.518146 4.912826 -0.461057 0.624127 -0.470458 0.420193
1742017084.914753 -58.281166 -6.807949 4.907889 -0.511081 0.596264 -0.455173 0.419623
1742017085.948270 -57.266647 -7.462125 5.051440 -0.390866 0.660242 -0.534219 0.354845
1742017087.015129 -56.565956 -8.305442 5.138191 -0.340238 0.713770 -0.526624 0.312150
1742017088.015321 -55.968849 -9.018585 5.242435 -0.427732 0.675355 -0.489139 0.348831
1742017089.049464 -55.150150 -9.695113 5.394885 -0.453167 0.623574 -0.488537 0.408810
1742017090.050675 -54.286579 -10.160747 5.515584 -0.471683 0.604631 -0.488367 0.416455
1742017091.084491 -53.382328 -10.515439 5.545164 -0.515401 0.565805 -0.459420 0.450733
1742017092.119507 -52.401562 -10.941232 5.697807 -0.511510 0.563491 -0.467197 0.450069
1742017093.154498 -51.344803 -11.268954 5.830503 -0.544962 0.550244 -0.431058 0.463075
1742017094.154803 -50.252663 -11.484502 6.099925 -0.560191 0.494240 -0.416639 0.518000
1742017095.155083 -49.298046 -11.485154 6.419028 -0.555855 0.500810 -0.401279 0.528385
1742017096.188585 -48.292397 -11.567678 6.645701 0.557803 -0.533002 0.419032 -0.478724
1742017097.222079 -47.370605 -11.790192 6.938475 -0.518019 0.571299 -0.461486 0.438525
1742017098.222271 -46.419460 -12.062201 7.221362 -0.491300 0.554872 -0.478835 0.470594
1742017099.255810 -45.546417 -12.496665 7.441133 -0.421880 0.616013 -0.524481 0.409224
1742017100.289313 -44.670918 -12.929220 7.634850 -0.388403 0.634064 -0.541604 0.392137
1742017101.322827 -43.703373 -13.581091 7.768049 -0.356346 0.666453 -0.580184 0.303720
1742017102.322976 -42.888859 -14.046720 7.904240 -0.391278 0.685458 -0.518801 0.328472
1742017103.323133 -42.244190 -14.654116 8.053980 -0.398684 0.686913 -0.517870 0.317823
1742017104.356626 -41.567787 -15.155623 8.193769 -0.438663 0.663981 -0.486795 0.360185
1742017105.390125 -40.794437 -15.836525 8.361300 -0.436574 0.638594 -0.506300 0.381130
1742017106.390270 -40.019806 -16.379475 8.542532 -0.491694 0.587027 -0.469416 0.439642
1742017107.423801 -39.139610 -16.972334 8.689664 -0.460418 0.624230 -0.492399 0.394836
1742017108.425182 -38.325642 -17.660273 8.905648 -0.412899 0.638501 -0.541659 0.358379
1742017109.425892 -37.642464 -18.256367 9.028025 -0.480445 0.587322 -0.479887 0.440380
1742017110.426394 -36.746132 -18.879370 9.058702 0.538398 -0.533690 0.449918 -0.472097
1742017111.493519 -35.748108 -19.217928 8.975461 -0.584506 0.483020 -0.412857 0.504572
1742017112.493983 -34.779274 -19.491922 8.937532 0.648172 -0.455460 0.367393 -0.487290
1742017113.527738 -33.880909 -19.512211 8.896817 -0.693347 0.351579 -0.320398 0.541301
1742017114.561514 -32.923267 -19.461958 8.827393 -0.683698 0.370983 -0.300639 0.551856
1742017115.595358 -31.959202 -19.296244 8.712059 -0.722264 0.342952 -0.287653 0.527233
1742017116.595784 -30.995569 -19.031311 8.491911 -0.700665 0.315516 -0.316999 0.555905
1742017117.629575 -30.413055 -18.743084 8.221589 -0.713773 0.336978 -0.299857 0.535780
1742017118.663361 -29.690136 -18.297409 8.055619 -0.693350 0.334734 -0.306163 0.559895
1742017119.663824 -29.094265 -18.065855 8.042571 -0.720000 0.284300 -0.197202 0.601569
1742017120.730936 -29.002491 -17.906197 7.975451 -0.748580 0.241268 -0.158733 0.596843
1742017121.731345 -28.909046 -17.621908 7.916211 -0.761879 0.175369 -0.122241 0.611427
1742017122.798458 -28.563393 -17.381826 7.611980 -0.712825 0.366274 -0.255254 0.540897
1742017123.832254 -28.047369 -17.039621 7.498159 -0.703755 0.310538 -0.259263 0.584018
1742017124.899994 -27.531086 -16.671474 7.342655 -0.716154 0.230144 -0.224755 0.619389
1742017125.902352 -27.003822 -16.352976 7.182072 -0.733499 0.286812 -0.234812 0.569721
1742017126.935870 -26.423531 -16.044855 6.993055 -0.726425 0.258599 -0.236767 0.591079
1742017127.936044 -26.073971 -15.711887 6.686432 -0.782082 0.186991 -0.168740 0.570007
1742017129.002919 -25.626265 -15.308732 6.622045 -0.763413 0.171349 -0.132870 0.608429
1742017130.003093 -25.032385 -14.886297 6.412280 -0.737689 0.228131 -0.224881 0.594306
1742017131.069987 -24.436718 -14.446490 6.128802 -0.713263 0.237612 -0.252956 0.608942
1742017132.070193 -23.900078 -14.137493 5.734114 -0.767857 0.228983 -0.223684 0.554912
1742017133.070362 -23.626671 -13.813575 5.710567 -0.811784 0.145036 -0.129529 0.550630
1742017134.137241 -23.246466 -13.459845 5.442192 -0.797397 0.179064 -0.150683 0.556227
1742017135.170801 -22.894295 -13.135311 5.178202 -0.777877 0.209746 -0.212182 0.553077
1742017136.237654 -22.502008 -12.796703 5.050704 -0.794799 0.252907 -0.195990 0.515675
1742017137.237821 -21.887711 -12.446354 4.703834 -0.732773 0.276232 -0.286247 0.552089
1742017138.338037 -21.358145 -12.122877 4.234750 -0.775464 0.261107 -0.247860 0.518695
1742017139.404892 -20.903193 -11.739244 3.990617 -0.772493 0.228482 -0.196065 0.559115
1742017140.405119 -20.387312 -11.258580 3.768768 -0.765505 0.266519 -0.219668 0.542877
1742017141.439825 -19.910572 -10.858725 3.498978 -0.778320 0.219310 -0.194480 0.555247
1742017142.440630 -19.415276 -10.286239 3.177435 -0.765971 0.165490 -0.164296 0.599090
1742017143.474401 -19.078720 -9.797098 2.976899 -0.786662 0.131376 -0.099009 0.595064
1742017144.508168 -18.560190 -9.392750 2.460922 -0.784325 0.233319 -0.175686 0.547294
1742017145.541921 -18.156183 -8.739605 2.316183 -0.795180 0.173086 -0.153927 0.560390
1742017146.575681 -17.714676 -8.285598 2.178619 -0.786571 0.187637 -0.152620 0.568159
1742017147.645275 -17.147793 -7.821037 1.816309 -0.777893 0.162127 -0.161381 0.585280
1742017148.712211 -16.615402 -7.142121 1.706754 -0.755818 0.152475 -0.150937 0.618635
1742017149.712457 -16.142138 -6.710532 1.657016 -0.774176 0.173259 -0.159807 0.587448
1742017150.781914 -15.248712 -6.459637 1.231742 -0.747121 0.269998 -0.267294 0.545404
1742017151.815143 -14.597930 -6.159815 1.165298 -0.755398 0.307459 -0.238455 0.527240
1742017152.881695 -14.087207 -5.992549 1.143056 -0.736247 0.375446 -0.242428 0.508142
1742017153.948260 -13.446918 -5.813999 0.800600 -0.727505 0.382552 -0.263476 0.504946
1742017155.014833 -12.598163 -5.419460 0.711393 -0.731201 0.356272 -0.276475 0.511836
1742017156.048077 -11.810869 -5.303078 0.657361 -0.744623 0.350516 -0.264915 0.502489
1742017157.114663 -11.318274 -4.932086 0.421945 -0.765584 0.280262 -0.232911 0.530176
1742017158.181267 -10.784240 -4.581563 0.347068 0.759170 -0.389596 0.266116 -0.448395
1742017159.214577 -10.049941 -4.491044 0.332693 0.639590 -0.499021 0.384217 -0.440772
1742017160.281187 -9.504638 -4.586992 0.327373 0.600781 -0.553577 0.394749 -0.420462
1742017161.347800 -9.151557 -4.525712 0.283660 0.628759 -0.547537 0.378582 -0.401921
1742017188.062618 -8.828379 -4.459977 0.272163 0.677100 -0.489213 0.349142 -0.424624
1742017190.096375 -8.770925 -4.376821 0.292689 0.711263 -0.417566 0.332717 -0.457211
1742017191.129933 -8.465806 -4.172371 0.261235 0.678151 -0.459361 0.337775 -0.463689
1742017192.130124 -7.959694 -4.030325 0.218357 0.694473 -0.429115 0.336520 -0.469385
1742017193.164615 -7.328443 -3.792755 0.167765 0.680120 -0.417124 0.344458 -0.494765
1742017194.199636 -6.724537 -3.626637 0.156361 0.682937 -0.406165 0.362245 -0.487244
1742017195.232942 -6.238140 -3.539582 0.134317 -0.716704 0.366893 -0.318824 0.500076
1742017196.299535 -5.835851 -3.173019 0.113893 -0.760506 0.261659 -0.243416 0.542139
1742017197.366084 -5.370221 -2.735667 0.079604 -0.779941 0.199482 -0.190988 0.561625
1742017198.399358 -4.937793 -2.246423 0.014504 -0.795036 0.160236 -0.140687 0.567847
1742017199.466023 -4.455011 -1.643114 -0.108116 -0.790382 0.170263 -0.137495 0.572190
1742017200.499288 -4.055190 -1.085677 -0.162022 -0.773018 0.214609 -0.179509 0.569353
1742017201.533627 -3.358367 -0.708026 -0.203660 -0.765090 0.324144 -0.216316 0.512617
1742017202.567456 -2.618456 -0.428534 -0.195503 0.746212 -0.379070 0.267054 -0.477657
1742017203.600946 -1.995692 -0.067728 -0.181838 0.753972 -0.384299 0.234229 -0.478515
1742017204.601127 -1.422524 0.167526 -0.137309 0.741467 -0.421196 0.253510 -0.456677
1742017205.701316 -0.830355 0.481371 -0.106033 0.679249 -0.469832 0.320110 -0.464121
1742017206.734822 -0.346812 0.629721 -0.098036 -0.524934 0.634786 -0.430878 0.368558
1742017207.770891 -0.198918 0.979301 -0.102345 -0.423314 0.693690 -0.482080 0.327410
1742017208.837541 0.309230 1.333877 -0.113617 -0.554428 0.612185 -0.432505 0.361633
1742017209.838919 0.814028 1.550194 -0.121571 0.757159 -0.396427 0.260562 -0.449069
1742017210.839133 1.066818 1.722094 -0.075779 -0.848924 0.117115 -0.070318 0.510556
1742017211.872674 0.991868 1.862649 -0.044244 -0.832829 -0.121454 0.078235 0.534344
1742017212.906229 1.046833 1.892189 -0.016134 -0.779817 -0.283349 0.202284 0.520270
1742017213.906383 0.868156 1.907846 -0.023779 -0.720695 -0.386479 0.271512 0.507458
1742017214.939919 0.811727 1.850068 -0.009548 0.636255 0.495832 -0.360515 -0.468358
1742017215.940175 0.798319 1.760754 0.008877 0.552277 0.563070 -0.437437 -0.431963
1742017216.974127 0.762393 1.694573 0.063837 0.475303 0.577416 -0.507640 -0.427762
1742017219.042951 0.342947 1.905865 -0.055634 0.490595 0.641017 -0.467626 -0.360193
1742017220.142866 -0.107455 1.919660 -0.107168 0.452680 0.669912 -0.495370 -0.317660
1742017221.176130 -0.545919 1.970902 -0.155287 0.412684 0.689768 -0.502533 -0.318392
1742017222.276060 -0.940061 2.084925 -0.220026 0.394337 0.710751 -0.512750 -0.276439
1742017223.276666 -1.336990 2.185311 -0.294173 0.495200 0.681373 -0.438640 -0.313214
1742017224.277537 -1.470779 2.505423 -0.336878 0.603346 0.613082 -0.371577 -0.349333
1742017225.344377 -1.636298 2.430620 -0.335501 0.573943 0.607798 -0.395469 -0.380493
1742017226.377920 -1.564188 2.229167 -0.327152 0.302624 0.768820 -0.533893 -0.179703
1742017227.411454 -1.365698 1.824321 -0.313914 0.080680 0.805955 -0.583717 -0.056580
1742017228.478328 -1.261577 1.291410 -0.272012 -0.065538 0.800672 -0.594283 0.038163
1742017229.511869 -1.185987 0.779378 -0.190735 -0.069889 0.793363 -0.601973 0.057604
1742017230.545406 -1.068757 0.402219 -0.117179 -0.126670 0.786425 -0.600532 0.069651
1742017231.580845 -1.258662 -0.028593 -0.039434 0.026347 0.775304 -0.629719 -0.040777
1742017232.614797 -1.883602 -0.325704 -0.039941 0.238117 0.738167 -0.588177 -0.229039
1742017233.615900 -2.492131 -0.255686 -0.059549 0.392247 0.658423 -0.553614 -0.325781
1742017234.616394 -3.046247 -0.119832 -0.121126 0.459907 0.600601 -0.525925 -0.388801
1742017235.650149 -3.636956 0.084569 -0.206976 0.421541 0.605610 -0.541366 -0.403066
1742017236.650362 -4.113870 0.123486 -0.272331 0.358191 0.680556 -0.569646 -0.289906
1742017237.650549 -4.539448 -0.071997 -0.286243 0.315338 0.707232 -0.574939 -0.264255
1742017238.717382 -5.220545 -0.065630 -0.294693 0.381130 0.668866 -0.537944 -0.343475
1742017239.717503 -5.537737 -0.090834 -0.278865 0.416254 0.649304 -0.532296 -0.348997
1742017240.784298 -5.751531 -0.590294 -0.303487 0.276546 0.737786 -0.574155 -0.222576
1742017241.817762 -6.189453 -0.972909 -0.313595 0.215072 0.774302 -0.577126 -0.145349
1742017242.851280 -6.693542 -1.433435 -0.284655 0.242884 0.752556 -0.578662 -0.199544
1742017243.884771 -7.116339 -1.767799 -0.185197 0.297046 0.715695 -0.580590 -0.249918
1742017244.884917 -7.480480 -1.969855 -0.078809 0.325190 0.684717 -0.586914 -0.284510
1742017245.918426 -7.584003 -2.227986 0.009569 0.371596 0.641855 -0.593296 -0.312951
1742017246.918664 -7.723192 -2.509808 -0.011318 0.317401 0.701721 -0.570385 -0.285491
1742017247.920330 -7.574664 -2.812126 0.004539 0.239907 0.747050 -0.579302 -0.220842
1742017248.920747 -7.323274 -2.847350 0.012147 -0.056739 0.792760 -0.604649 0.052072
1742017249.987829 -6.752566 -2.890458 -0.002465 -0.444924 0.664437 -0.496394 0.337873
1742017250.988561 -6.312153 -2.935295 0.052660 0.610656 -0.513178 0.405643 -0.446319
1742017251.991524 -5.848072 -2.951631 0.085644 -0.699858 0.407555 -0.299341 0.504472
1742017252.991727 -5.371413 -2.676659 0.050652 -0.762253 0.295765 -0.227370 0.528957
1742017253.991924 -4.796858 -2.362687 0.040750 -0.772491 0.186164 -0.173937 0.581675
1742017254.992080 -4.224025 -2.016667 -0.004689 -0.785490 0.186151 -0.152096 0.570281
1742017255.992268 -3.753992 -1.475703 -0.124795 -0.795426 0.227177 -0.160296 0.538511
1742017256.992545 -3.268702 -1.012843 -0.172873 -0.762156 0.330401 -0.231800 0.506184
1742017258.026053 -2.658352 -0.750049 -0.146456 -0.751864 0.346721 -0.223371 0.514383
1742017259.059571 -1.967362 -0.370969 -0.134198 -0.749546 0.307858 -0.209584 0.547247
1742017260.126455 -1.240620 0.030405 -0.039119 -0.742706 0.267731 -0.245672 0.562452
1742017261.126670 -0.701219 0.269850 0.000838 -0.774577 0.239825 -0.173260 0.559013
1742017262.126806 -0.235459 0.547015 0.005703 -0.774002 0.244591 -0.182571 0.554764
1742017263.160272 0.421652 0.946082 -0.037637 -0.773939 0.271387 -0.168460 0.546798
1742017264.160441 1.389296 1.221635 -0.010816 -0.687960 0.384721 -0.291732 0.541843
1742017265.160655 2.118021 0.990389 0.024532 0.547481 -0.543392 0.448668 -0.451316
1742017266.194144 2.639095 0.360631 0.079875 0.572557 -0.539596 0.420785 -0.451614
1742017267.228899 2.820232 -0.152718 0.059413 -0.697124 0.394382 -0.293899 0.521636
1742017268.265248 2.799918 -0.347224 -0.235139 -0.802777 0.222785 -0.115650 0.540871
1742017269.265392 2.607000 -0.460179 -0.350820 -0.784418 0.111810 -0.092209 0.603062
1742017270.298882 2.553577 -0.434656 -0.417790 -0.828651 0.083572 -0.091912 0.545807
1742017288.005057 2.641011 -0.308310 0.004540 -0.825175 0.160395 -0.122738 0.527537
1742017290.074687 2.733585 0.270653 0.046529 -0.812741 -0.008854 -0.031842 0.581687
1742017291.108176 2.661913 1.008007 0.029568 -0.783348 -0.166835 0.081586 0.593191
1742017292.141729 2.224479 1.416613 -0.012355 0.717120 0.425708 -0.263175 -0.485025
1742017293.141905 1.617076 1.673410 -0.025344 0.629572 0.513647 -0.367006 -0.452893
1742017294.176009 0.832458 1.986010 -0.067351 0.615521 0.520808 -0.377639 -0.455281
1742017295.178085 0.115600 2.439333 -0.141870 0.625028 0.504724 -0.344711 -0.485560
1742017296.311326 -0.683946 3.098406 -0.257390 -0.658819 -0.464899 0.314058 0.501193
1742017297.344606 -1.440985 3.705448 -0.322458 -0.672344 -0.445129 0.300952 0.509158
1742017298.377862 -2.217325 4.304059 -0.371445 0.664988 0.449249 -0.333704 -0.494579
1742017299.444428 -3.009842 5.024523 -0.442111 -0.642685 -0.463785 0.321636 0.518083
1742017300.512431 -3.805704 5.618211 -0.496435 0.601452 0.535497 -0.365277 -0.466980
1742017301.646682 -4.672238 6.171146 -0.497707 0.593491 0.554498 -0.368248 -0.452432
1742017302.679736 -5.524994 6.613080 -0.526792 0.638244 0.474486 -0.347505 -0.496737
1742017303.746122 -6.230734 7.104915 -0.577581 -0.732786 -0.354229 0.261365 0.518878
1742017304.747637 -6.454186 7.499827 -0.611242 -0.811641 0.003104 0.017076 0.583898
1742017305.748055 -6.470098 7.593382 -0.667563 -0.780934 0.237881 -0.125121 0.563826
1742017306.814504 -6.636024 7.587160 -0.829021 -0.818090 0.203573 -0.085611 0.530998
1742017307.881009 -6.533640 7.711436 -0.727167 -0.797719 0.231924 -0.141296 0.538416
1742017308.914181 -6.749254 7.692159 -0.901939 -0.805713 0.175408 -0.102026 0.556461
