#timestamp x y z qx qy qz qw
1743056777.988517 0.000000 0.000000 0.000000 0.017628 -0.126829 0.001121 0.991767
1743056781.222092 0.177236 0.116567 -0.002105 0.005825 -0.082003 -0.022408 0.996363
1743056783.322242 0.316406 0.216666 -0.069995 0.022691 0.006981 -0.038125 0.998991
1743056801.322740 0.206929 0.178960 -0.039731 0.012405 -0.037050 -0.078770 0.996127
1743056802.422859 0.129086 0.171025 -0.032851 0.027373 -0.098998 -0.091572 0.990487
1743056803.489484 0.095848 0.149452 0.001568 0.015990 -0.217667 -0.065094 0.973719
1743056805.723138 0.172327 0.157688 -0.030346 0.017583 -0.105751 -0.057653 0.992564
1743056806.756358 0.230579 0.204924 -0.033453 0.015612 -0.048151 -0.058727 0.996990
1743056807.822987 0.340483 0.207035 -0.082971 0.016686 -0.013878 -0.060475 0.997934
1743056816.356575 0.484003 0.218805 -0.063773 0.017947 0.013180 -0.065488 0.997605
1743056817.456865 0.745947 0.180054 -0.069075 0.018055 0.013652 -0.063194 0.997745
1743056818.490348 0.968482 0.195139 -0.071962 0.017798 0.012741 -0.059609 0.997982
1743056819.523641 1.108992 0.229997 -0.054093 0.016760 0.013264 -0.054380 0.998292
1743056822.690364 1.246944 0.252567 -0.043680 0.015613 0.011819 -0.045722 0.998762
1743056823.723730 1.410726 0.268710 -0.091565 0.027941 0.015480 -0.035275 0.998867
1743056824.757110 1.894516 0.460371 -0.092570 0.017292 0.028175 -0.001468 0.999452
1743056825.823870 2.606220 0.845873 -0.094079 0.014149 0.026206 0.075645 0.996690
1743056826.857248 3.361721 1.483993 -0.065358 0.008841 0.025462 0.172930 0.984565
1743056827.890617 4.148878 2.489324 -0.008209 0.023632 0.019256 0.303521 0.952337
1743056828.924035 4.722423 3.941214 -0.017852 0.016290 0.007770 0.438683 0.898460
1743056829.990497 4.962699 5.978782 0.050333 0.015761 0.007892 0.569290 0.821948
1743056830.990744 5.108546 8.370815 0.133436 0.014338 0.008374 0.637812 0.770013
1743056832.057225 5.310690 11.420330 0.247130 0.017431 0.008998 0.657652 0.753067
1743056833.090638 5.586772 14.767328 0.368741 0.017943 0.009782 0.656997 0.753616
1743056834.090858 5.788683 18.150356 0.484716 0.018167 0.006976 0.664166 0.747332
1743056835.157345 6.044695 21.838856 0.594024 0.016053 0.003849 0.660820 0.750363
1743056836.190719 6.357076 25.603727 0.697796 0.009981 0.006102 0.653984 0.756418
1743056837.257586 6.840083 29.465612 0.866002 0.010310 0.006401 0.655542 0.755062
1743056838.324381 7.397895 33.628365 1.006495 0.011659 0.013640 0.658804 0.752101
1743056839.357607 7.618131 37.910328 1.150663 0.005989 0.014284 0.662035 0.749313
1743056840.390970 7.892951 42.347645 1.323035 0.001688 0.013218 0.669080 0.743071
1743056841.457749 8.157237 47.327908 1.336578 -0.001531 0.011740 0.669974 0.742290
1743056842.524517 8.337063 52.609547 1.314359 -0.006362 0.011900 0.669940 0.742293
1743056843.557860 8.538320 57.901714 1.301018 -0.002805 0.012554 0.671315 0.741061
1743056844.557908 8.758162 62.853714 1.275093 -0.007800 0.015183 0.670316 0.741879
1743056845.591256 8.920030 67.773491 1.317619 -0.004291 0.012798 0.668780 0.743338
1743056846.658080 9.117262 72.613754 1.296299 0.002756 0.011528 0.669693 0.742543
1743056847.691387 9.328934 77.191040 1.231786 0.000186 0.013768 0.668443 0.743636
1743056848.724742 9.590973 81.826088 1.257324 0.000588 0.013823 0.666872 0.745044
1743056849.791247 9.900237 86.778473 1.261390 -0.003076 0.012180 0.664634 0.747064
1743056850.824801 10.205218 91.746498 1.267318 -0.002331 0.010253 0.661252 0.750090
1743056851.891474 10.641433 96.954796 1.247225 0.006968 0.014790 0.658640 0.752280
1743056852.924863 11.054626 101.991127 1.307015 0.008520 0.011612 0.657290 0.753500
1743056853.991614 11.506964 107.235558 1.325306 0.005499 0.016472 0.656401 0.754212
1743056854.991637 11.925383 112.284683 1.309368 0.004820 0.011889 0.660923 0.750344
1743056856.124970 12.214692 118.009224 1.333026 0.003056 0.013061 0.668104 0.743947
1743056857.191715 12.448571 123.341995 1.341468 0.004834 0.011691 0.670522 0.741782
1743056858.258244 12.671662 128.639664 1.373146 0.002336 0.009641 0.673700 0.738938
1743056859.291940 12.881845 133.496338 1.411322 0.000846 0.010913 0.673438 0.739162
1743056860.324986 13.251000 137.882538 1.492505 0.003969 0.010912 0.653838 0.756546
1743056861.391857 14.059148 141.988388 1.471001 0.003894 0.006089 0.606093 0.795361
1743056862.491803 15.736028 145.713531 1.528820 -0.007578 -0.003876 0.508694 0.860905
1743056863.491863 18.258583 148.151184 1.646428 -0.014038 -0.010787 0.356956 0.933954
1743056864.592014 21.585018 149.180145 1.824344 0.000910 -0.018012 0.151166 0.988344
1743056865.692010 24.948761 148.984482 1.960266 0.012099 -0.014548 -0.013950 0.999724
1743056866.725380 28.042633 148.642136 2.086827 0.014732 -0.006914 -0.048796 0.998676
1743056867.792127 31.623655 148.392593 2.128732 0.011175 0.000453 -0.052592 0.998553
1743056868.825492 35.667217 148.020950 2.163103 0.017332 0.004097 -0.056364 0.998251
1743056869.925483 40.283211 147.694153 2.163921 0.020792 0.007335 -0.048516 0.998579
1743056871.025384 45.162968 147.590485 2.180210 0.019622 0.008453 -0.037504 0.999068
1743056872.025627 49.722134 147.550674 2.177920 0.022941 0.005220 -0.041004 0.998882
1743056873.092120 54.763680 147.372025 2.179142 0.020357 0.007553 -0.042987 0.998840
1743056874.125503 59.701317 147.203964 2.169486 0.017874 0.007722 -0.045029 0.998796
1743056875.125763 64.680130 147.000061 2.122961 0.014928 0.011757 -0.046601 0.998733
1743056876.225802 70.136925 146.750610 2.066027 0.005595 0.020131 -0.049700 0.998546
1743056877.259103 75.107101 146.433075 1.932103 -0.000245 0.023723 -0.065019 0.997602
1743056878.358988 79.960678 145.969452 1.709900 -0.002004 0.036021 -0.069014 0.996963
1743056879.359233 84.140030 145.488831 1.518089 -0.003400 0.042107 -0.080176 0.995885
1743056880.392618 88.213028 144.952774 1.374440 -0.011293 0.025607 -0.095524 0.995034
1743056881.425981 91.836891 144.398727 1.308922 -0.010849 0.023475 -0.104970 0.994139
1743056882.525996 95.224281 143.913544 1.224762 -0.010365 0.022478 -0.100390 0.994640
1743056883.592766 98.058990 143.554596 1.154469 -0.008907 0.021042 -0.089981 0.995681
1743056884.659250 100.508797 143.369202 1.077116 -0.005586 0.021407 -0.067528 0.997472
1743056885.659372 102.326981 143.308655 1.027928 -0.000588 0.019395 -0.050701 0.998525
1743056886.692626 103.403702 143.254074 1.006754 0.003659 0.016762 -0.045896 0.998799
1743056887.760173 103.953964 143.223267 1.009172 0.002874 0.014962 -0.046034 0.998824
1743056892.059497 104.295631 143.201584 1.005610 0.004533 0.011912 -0.045411 0.998887
1743056893.060295 104.938797 143.147766 1.009791 0.004296 0.009605 -0.040582 0.999121
1743056894.126268 105.877014 143.177795 0.960885 0.002517 0.011828 -0.030313 0.999467
1743056895.126481 106.856255 143.146393 0.886842 0.001237 0.025520 -0.024018 0.999385
1743056896.126497 107.538918 143.145477 0.840301 0.002395 0.034758 -0.021583 0.999160
1743056897.193233 108.154007 143.141953 0.836756 0.001810 0.043638 -0.019614 0.998853
1743056898.259745 108.671089 143.127045 0.813264 -0.004201 0.037372 -0.018927 0.999113
1743056899.326605 109.494316 143.138336 0.735542 0.001455 0.034910 -0.021171 0.999165
1743056900.393363 110.403648 143.109055 0.606130 -0.003146 0.043240 -0.021588 0.998827
1743056901.493374 111.219254 143.016983 0.509704 -0.010771 0.057220 -0.030440 0.997839
1743056902.560105 111.860512 142.856400 0.453383 -0.005296 0.062827 -0.057304 0.996364
1743056903.660690 112.800598 142.470993 0.424501 -0.004168 0.045134 -0.115618 0.992259
1743056904.726877 113.907486 141.799316 0.489097 -0.009761 0.001096 -0.195109 0.980732
1743056905.726878 115.046227 140.740707 0.566430 -0.002630 -0.023682 -0.297229 0.954509
1743056906.760229 116.085884 139.110046 0.611985 -0.013906 -0.011384 -0.434710 0.900391
1743056907.860245 116.919151 136.158539 0.667006 -0.017336 -0.003931 -0.602737 0.797742
1743056908.960241 117.102753 132.412476 0.771546 -0.016647 -0.004991 -0.702216 0.711752
1743056909.993458 117.046150 128.306686 0.957450 -0.017003 -0.008805 -0.728828 0.684429
1743056911.026869 116.679642 123.535240 1.331160 -0.016605 -0.009695 -0.743494 0.668466
1743056912.060245 116.250031 117.973228 1.623176 -0.016368 -0.008731 -0.746657 0.664951
1743056913.160510 115.777740 111.650505 1.907724 -0.014908 -0.004593 -0.742133 0.670071
1743056914.193909 115.439102 105.317375 2.177222 -0.013036 -0.004955 -0.739041 0.673517
1743056915.260469 115.133987 98.677010 2.360892 -0.008420 -0.003313 -0.733715 0.679398
1743056916.260613 114.994827 92.394531 2.598283 -0.003266 -0.007295 -0.728752 0.684731
1743056917.293997 114.966156 86.031639 2.803087 -0.004371 -0.003379 -0.724571 0.689178
1743056918.360543 114.796318 79.272865 2.996335 -0.001610 0.001290 -0.713548 0.700603
1743056919.460739 115.033310 72.093712 3.110221 -0.001239 -0.001742 -0.707774 0.706436
1743056920.460961 115.388580 65.375763 3.209389 0.000067 -0.001860 -0.702108 0.712068
1743056921.494101 115.745766 58.709518 3.284541 -0.000670 0.000214 -0.695969 0.718071
1743056922.560872 116.279503 51.935108 3.346813 -0.002171 -0.000159 -0.690444 0.723382
1743056923.627360 116.833511 45.407276 3.324621 0.001990 -0.002290 -0.680828 0.732437
1743056924.727478 117.737701 38.750648 3.488744 0.006973 -0.003573 -0.673972 0.738715
1743056925.794081 119.079170 32.591270 3.633014 -0.002961 -0.015936 -0.637587 0.770207
1743056926.860982 120.794853 26.701452 3.784176 -0.005222 -0.002761 -0.624722 0.780825
1743056927.927487 122.523628 21.007530 3.947886 -0.006380 0.002807 -0.617628 0.786440
1743056928.927717 124.241264 15.619125 4.004196 0.005039 -0.004427 -0.617628 0.786442
1743056929.929031 125.947426 10.192041 4.108483 0.001251 -0.004154 -0.614617 0.788814
1743056931.061116 127.834259 4.035506 4.253779 0.001356 -0.003696 -0.612793 0.790234
1743056932.160996 129.816971 -2.070263 4.405628 -0.002221 -0.003291 -0.609472 0.792798
1743056933.194359 131.648331 -7.608528 4.497410 -0.003210 0.001040 -0.609934 0.792445
1743056934.194598 133.147278 -13.421214 4.449435 0.000136 -0.003305 -0.610991 0.791631
1743056935.261121 134.867844 -19.671614 4.581426 -0.003193 0.000008 -0.610904 0.791698
1743056936.261365 136.737411 -25.712004 4.660200 -0.001995 0.006446 -0.607261 0.794474
1743056937.327879 138.840210 -32.279964 4.687009 -0.001464 0.003715 -0.597189 0.802091
1743056938.461229 141.575485 -39.507023 4.708782 0.009069 -0.002881 -0.568895 0.822355
1743056939.461489 144.759750 -45.653534 4.841917 0.011212 0.003234 -0.531683 0.846863
1743056940.527983 148.631439 -51.867428 4.815974 0.013592 0.000171 -0.489044 0.872153
1743056941.594867 153.030792 -57.609337 4.830389 0.013526 -0.000595 -0.445744 0.895058
1743056942.661621 157.850662 -62.702927 4.905943 0.013487 0.003640 -0.409003 0.912426
1743056943.761625 162.671661 -67.194908 4.890959 0.007213 0.000766 -0.383799 0.923388
1743056944.828278 166.773041 -70.888824 4.958743 0.003712 0.007922 -0.360717 0.932634
1743056945.829008 170.139450 -73.740097 4.922514 0.005928 0.008748 -0.342402 0.939494
1743056946.928372 173.231216 -76.088326 4.917083 -0.000519 0.011430 -0.323367 0.946204
1743056947.961733 175.182968 -77.753983 4.946507 -0.004471 0.012956 -0.303086 0.952865
1743056948.995142 176.879013 -78.771530 4.914101 0.000759 0.003978 -0.293599 0.955920
1743056950.095024 178.046387 -79.493050 4.933209 0.000545 -0.000553 -0.286079 0.958206
1743056951.128356 178.909348 -80.049484 4.928501 0.000650 0.003203 -0.279455 0.960153
1743056952.195261 179.597565 -80.531952 4.943182 0.000325 0.006744 -0.272044 0.962261
1743056953.295108 180.394455 -80.815384 4.930287 0.002771 0.005615 -0.270846 0.962602
1743056954.362088 181.136536 -81.265488 4.941954 0.002561 0.003943 -0.265543 0.964087
1743056955.428732 182.099701 -81.829781 4.929425 0.005165 0.002859 -0.267358 0.963579
1743056956.428739 183.090927 -82.434982 4.922982 0.007766 0.003245 -0.270081 0.962801
1743056957.495495 184.432953 -83.290085 4.871847 0.011956 0.003193 -0.272000 0.962218
1743056958.496362 186.167145 -84.382812 4.851860 0.014835 0.000980 -0.266275 0.963782
1743056959.562245 188.732407 -85.561569 4.907226 0.017591 -0.002644 -0.235666 0.971671
1743056960.595487 192.089462 -86.664825 4.941752 0.019076 -0.005440 -0.188175 0.981935
1743056961.596179 195.868454 -87.623634 5.007443 0.022404 -0.003646 -0.145438 0.989107
1743056962.629012 200.248505 -88.575500 5.093595 0.019686 -0.008644 -0.129382 0.991362
1743056963.662363 204.798691 -89.458595 5.191768 0.022846 -0.005854 -0.129590 0.991287
1743056964.695743 209.193481 -90.340309 5.265963 0.018875 -0.003862 -0.119919 0.992597
1743056965.795750 213.394363 -91.209244 5.337101 0.024424 -0.003665 -0.117977 0.992709
1743056966.929111 217.429489 -92.045944 5.379306 0.022721 -0.002832 -0.114500 0.993159
1743056967.995860 220.819275 -92.776726 5.403220 0.022122 0.000540 -0.111572 0.993510
1743056968.995977 222.916473 -93.799835 5.274350 0.017720 0.008943 -0.103141 0.994469
1743056970.062624 225.456299 -94.561554 5.239048 0.013620 0.002400 -0.100832 0.994807
1743056971.096005 228.137772 -94.936798 5.177384 0.017583 -0.001189 -0.102499 0.994577
1743056972.129363 230.726379 -95.673210 5.205647 0.023313 -0.001360 -0.094296 0.995270
1743056973.195882 233.789200 -96.429817 5.188750 0.023819 -0.002081 -0.085465 0.996054
1743056974.262757 236.985535 -96.993469 5.130779 0.020977 -0.002178 -0.078094 0.996723
1743056976.196120 242.395737 -98.362526 5.067045 0.002047 -0.002158 -0.059935 0.998198
1743056977.229497 244.832840 -98.772827 5.062214 -0.004757 -0.003440 -0.057980 0.998300
1743056978.296853 247.485046 -99.234962 5.115180 -0.011687 -0.003230 -0.053070 0.998517
1743056979.429609 250.653717 -99.746811 5.096246 -0.011277 -0.003562 -0.049222 0.998718
1743056980.462991 253.886414 -99.996140 5.073344 -0.011758 -0.002929 -0.044776 0.998924
1743056981.562990 258.158051 -100.174858 5.085830 -0.013068 -0.002335 -0.037564 0.999206
1743056982.696344 263.163849 -100.234650 5.119193 -0.011472 -0.000315 -0.029666 0.999494
1743056983.896216 269.214203 -100.277992 5.171462 -0.015782 0.001864 -0.021089 0.999651
1743056984.963114 274.788879 -100.271545 5.220449 -0.014658 0.000690 -0.012058 0.999820
1743056986.030383 280.805054 -100.170944 5.275916 -0.011050 0.003372 -0.007311 0.999907
1743056987.163230 287.204315 -100.033951 5.295219 -0.010512 0.006411 -0.009869 0.999875
1743056988.196614 292.895630 -99.908043 5.318330 -0.000763 0.009037 -0.011602 0.999892
1743056989.363124 298.874115 -99.877441 5.331867 -0.013650 0.002690 0.001691 0.999902
1743056990.463362 304.268250 -99.668488 5.259533 -0.019062 0.003594 0.019006 0.999631
1743056991.563355 309.969177 -99.180046 5.241148 -0.010046 0.004344 0.032898 0.999399
1743056992.564315 315.166168 -98.524681 5.249561 -0.009220 0.003965 0.045055 0.998934
1743056993.663469 320.854431 -97.616722 5.282809 -0.016813 0.000385 0.053070 0.998449
1743056994.730049 326.224091 -96.762093 5.330104 -0.013560 -0.000483 0.058373 0.998203
1743056995.730263 330.886383 -96.025787 5.370989 -0.013053 0.001734 0.054604 0.998421
1743056996.796823 335.767181 -95.373062 5.409937 -0.009362 -0.000143 0.055242 0.998429
1743056997.797010 340.270905 -94.722099 5.435637 -0.008580 0.003107 0.061768 0.998049
1743056998.896981 345.228943 -93.962486 5.409748 -0.013591 0.002036 0.073949 0.997167
1743056999.964372 350.061615 -93.103271 5.364124 -0.021721 -0.000383 0.084478 0.996188
1743057001.030257 354.840607 -92.062706 5.344781 -0.020591 0.000371 0.090453 0.995688
1743057002.030304 359.125946 -91.179375 5.352946 -0.027447 -0.000530 0.100513 0.994557
1743057003.063632 363.337646 -90.271553 5.326343 -0.036451 -0.001342 0.119290 0.992189
1743057004.063869 367.422577 -89.240257 5.349793 -0.037136 -0.003318 0.130247 0.990780
1743057005.130397 371.509552 -88.182785 5.304620 -0.038073 -0.002579 0.138524 0.989624
1743057006.130603 375.302368 -87.032120 5.238836 -0.040893 0.004028 0.150100 0.987817
1743057007.197115 379.254395 -85.523300 5.158487 -0.042825 0.001222 0.198935 0.979076
1743057008.230506 382.996704 -83.372780 5.025074 -0.042820 0.005717 0.254790 0.966031
1743057009.297353 386.919342 -80.725281 4.821893 -0.041502 0.010518 0.310774 0.949519
1743057010.397226 390.889801 -77.306419 4.560829 -0.039981 0.018986 0.352675 0.934699
1743057011.397495 394.653625 -73.421555 4.217097 -0.033439 0.014754 0.393406 0.918638
1743057012.463992 398.458466 -68.610008 3.754073 -0.039686 0.019599 0.435540 0.899081
1743057013.530848 402.267151 -63.227169 3.349579 -0.034749 0.018936 0.465207 0.884317
1743057014.530906 405.586395 -57.773369 2.933047 -0.030854 0.025141 0.478338 0.877274
1743057015.597595 408.954346 -51.766670 2.476636 -0.034177 0.021218 0.491084 0.870183
1743057016.597617 411.964691 -46.145821 2.088481 -0.031372 0.025107 0.495317 0.867782
1743057017.664372 415.203461 -40.379612 1.696486 -0.030863 0.026435 0.493219 0.868956
1743057018.697755 418.369537 -34.731621 1.291772 -0.028243 0.025514 0.496068 0.867449
1743057019.731113 421.295319 -29.050671 0.918151 -0.030418 0.020805 0.509439 0.859717
1743057020.764486 424.039001 -23.502417 0.542524 -0.036770 0.016572 0.523592 0.851014
1743057021.830987 426.641907 -17.542101 0.056327 -0.047855 0.011489 0.546036 0.836315
1743057022.864357 428.587585 -11.857923 -0.408466 -0.044535 0.012736 0.584100 0.810359
1743057023.864611 429.898804 -6.451230 -0.789348 -0.043903 0.006701 0.624713 0.779590
1743057024.931112 430.463562 -0.555569 -1.192211 -0.042437 0.007270 0.666447 0.744308
1743057025.964489 430.342712 4.812087 -1.583712 -0.044936 0.004237 0.683784 0.728287
1743057027.031432 430.043793 10.431771 -1.933983 -0.055274 0.006456 0.706813 0.705209
1743057028.131240 429.603149 16.106005 -2.332653 -0.059024 0.006788 0.720884 0.690505
1743057029.164735 429.051239 21.646606 -2.737387 -0.053189 0.007172 0.727422 0.684088
1743057030.264611 428.465240 27.456526 -3.075546 -0.050798 0.012439 0.733503 0.677671
1743057031.331482 428.042053 33.416943 -3.510174 -0.045815 0.015055 0.725549 0.686478
1743057032.398233 427.465637 39.539352 -3.939615 -0.040027 0.016556 0.725988 0.686342
1743057033.398236 426.982056 45.422112 -4.391628 -0.040458 0.021566 0.718183 0.694343
1743057034.464992 426.286072 51.867992 -4.846551 -0.038835 0.026400 0.717215 0.695267
1743057035.564985 425.719360 58.644596 -5.443021 -0.045821 0.019980 0.721133 0.690991
1743057036.598376 424.280182 64.895714 -6.128985 -0.039428 0.020555 0.713041 0.699711
1743057037.665118 422.805237 70.872375 -6.901731 -0.026284 0.015509 0.713913 0.699569
1743057038.765109 421.520294 76.938408 -7.332751 -0.014774 0.026953 0.721108 0.692140
1743057039.831912 420.206604 82.930481 -7.809280 -0.008407 0.025400 0.718570 0.694940
1743057040.965240 419.313232 89.116180 -8.164130 -0.011902 0.017915 0.720557 0.693062
1743057042.031751 417.586243 95.084885 -8.354674 -0.011127 0.031398 0.714190 0.699159
1743057043.031992 417.025604 101.611549 -8.702651 -0.008034 0.027993 0.729859 0.682977
1743057044.065381 416.114380 108.670448 -8.977563 -0.009430 0.026344 0.741612 0.670245
1743057045.131881 414.986725 116.204269 -9.267634 -0.017761 0.025556 0.757016 0.652655
1743057046.198738 413.456207 123.729233 -9.582555 -0.015756 0.024519 0.768777 0.638853
1743057047.198755 411.831421 131.160355 -9.937859 -0.017122 0.027007 0.777434 0.628151
1743057048.332096 409.804565 139.346451 -10.361057 -0.014146 0.032940 0.781974 0.622280
1743057049.365541 407.934357 146.764038 -10.686625 -0.013485 0.031141 0.782568 0.621639
1743057050.398836 406.006287 154.464905 -11.069324 -0.010082 0.038074 0.780592 0.623799
1743057051.498954 403.812073 162.723511 -11.510883 -0.013944 0.036184 0.781529 0.622663
1743057052.498986 401.534058 170.268021 -11.982172 -0.017705 0.034743 0.782812 0.621035
1743057053.532358 399.368622 177.918381 -12.371944 -0.013081 0.039472 0.783329 0.620215
1743057054.598860 397.104004 185.770111 -12.834689 -0.018463 0.041410 0.776395 0.628613
1743057055.665736 395.496399 193.850327 -13.412008 -0.011317 0.044331 0.739942 0.671113
1743057056.732507 395.450623 201.497589 -14.083228 0.000684 0.063677 0.678379 0.731948
1743057057.832472 397.363922 209.321045 -14.713633 0.013591 0.054242 0.583907 0.809893
1743057058.899250 400.765167 216.420120 -15.251359 0.008584 0.048618 0.497306 0.866169
1743057059.932608 405.319733 222.526810 -15.846249 0.003655 0.047538 0.415736 0.908235
1743057060.932639 410.732178 227.917252 -16.479280 -0.009246 0.039566 0.366433 0.929557
1743057062.032604 417.013397 233.601120 -17.011257 -0.014865 0.023821 0.347267 0.937346
1743057063.099377 423.240631 239.172424 -17.471060 -0.025994 0.022417 0.352681 0.935114
1743057064.199363 429.291931 245.242416 -17.989992 -0.034154 0.021799 0.381252 0.923583
1743057065.232758 434.592682 251.813019 -18.542997 -0.026482 0.024581 0.427160 0.903454
1743057066.266128 439.293365 259.012299 -19.104761 -0.024089 0.026680 0.484733 0.873923
1743057067.299498 442.701019 266.452454 -19.600132 -0.034188 0.026426 0.545548 0.836965
1743057068.366224 445.158813 274.930908 -20.203577 -0.027897 0.020775 0.602764 0.797161
1743057069.399638 446.651886 283.065247 -20.609150 -0.016764 0.018031 0.643063 0.765417
1743057070.432985 447.288239 291.157196 -20.959274 -0.015293 0.019965 0.667075 0.744566
1743057071.499483 447.195770 298.702026 -21.183369 -0.002830 0.019886 0.665060 0.746519
1743057072.566369 447.592194 306.549774 -21.442772 -0.008578 0.018823 0.662272 0.748978
1743057073.666484 448.198761 314.796417 -21.676079 -0.014968 0.017150 0.661240 0.749829
1743057074.699636 448.696533 322.791656 -21.860939 -0.015533 0.018715 0.658971 0.751775
1743057075.732989 449.278473 330.847839 -22.104530 -0.007344 0.006127 0.658118 0.752854
1743057076.732991 449.911407 338.304047 -22.103024 0.001395 -0.006016 0.656336 0.754443
1743057077.733256 450.600861 345.370178 -22.082844 0.006393 0.001940 0.654521 0.756014
1743057078.733288 451.336670 351.981567 -22.035379 0.001396 -0.000301 0.654770 0.755826
1743057079.833118 452.117889 359.245087 -22.015303 0.003716 -0.001573 0.659021 0.752114
1743057080.899993 452.623352 366.255981 -21.979967 0.005649 -0.000135 0.663194 0.748426
1743057081.966733 453.194397 373.292023 -21.909317 0.013569 0.005758 0.641471 0.767006
1743057083.033871 454.595581 379.893311 -21.893028 0.028082 0.015679 0.601431 0.798277
1743057084.133488 456.987091 386.119812 -21.870853 0.037984 0.022376 0.544082 0.837873
1743057085.199978 459.963745 391.860474 -21.901672 0.045209 0.029163 0.479243 0.876032
1743057086.233357 463.395569 396.865906 -21.891489 0.037351 0.010274 0.424486 0.904605
1743057087.266750 467.165985 401.435272 -21.970304 0.031246 0.011133 0.371054 0.928019
1743057088.267007 471.024048 405.411530 -21.971575 0.025593 0.007864 0.342728 0.939053
1743057089.367029 475.195190 409.247528 -21.856842 0.023835 0.003441 0.329145 0.943972
1743057090.400354 479.372223 412.854980 -21.798409 0.020887 0.003702 0.319798 0.947248
1743057091.466892 483.598053 416.240143 -21.705730 0.020566 0.001052 0.317544 0.948020
1743057092.500258 487.274841 419.240234 -21.628750 0.018522 0.000968 0.307712 0.951299
1743057093.567110 490.674347 421.941956 -21.605045 0.017834 0.001040 0.297746 0.954478
1743057094.600487 493.573395 424.229858 -21.562357 0.015549 -0.001336 0.300633 0.953612
1743057095.733856 496.543182 426.591553 -21.592024 0.010739 -0.006938 0.299449 0.954027
1743057096.833746 499.506927 428.838806 -21.561996 0.009926 -0.008987 0.295816 0.955151
1743057097.933995 502.831909 431.261139 -21.426910 0.006632 -0.011157 0.290526 0.956779
1743057098.968629 506.222229 433.753113 -21.260426 0.008130 -0.007231 0.279663 0.960037
1743057100.100743 510.400696 436.692932 -21.176073 0.010702 -0.004990 0.272069 0.962205
1743057101.200744 515.026184 439.790253 -21.120602 0.015028 -0.009268 0.263712 0.964440
1743057102.267491 519.970947 443.085510 -20.946365 0.021639 -0.013742 0.254122 0.966833
1743057103.333975 524.857300 446.207764 -20.731035 0.018852 -0.011075 0.251499 0.967611
1743057104.334264 529.509216 449.185303 -20.592512 0.018872 -0.010337 0.244161 0.969496
1743057105.400748 534.851196 452.257050 -20.445784 0.025564 -0.001981 0.227379 0.973469
1743057106.501034 540.547913 455.199249 -20.281080 0.023836 0.003715 0.208679 0.977687
1743057107.534374 545.915894 457.734650 -20.207729 0.022513 -0.000982 0.195432 0.980458
1743057108.567615 551.324463 460.326233 -20.163984 0.017147 -0.004110 0.181040 0.983318
1743057109.600854 556.884155 462.541046 -19.974459 0.016940 -0.002699 0.168416 0.985567
1743057110.634254 562.394348 464.736938 -19.880682 0.019399 -0.001524 0.163779 0.986305
1743057111.701149 568.072205 467.008575 -19.718233 0.023438 0.000173 0.161962 0.986519
1743057112.800975 573.932922 469.294617 -19.605471 0.024790 0.000953 0.156881 0.987306
1743057113.901243 579.873596 471.459015 -19.550837 0.018766 0.002600 0.153477 0.987971
1743057114.901266 585.105408 473.407806 -19.519772 0.019836 0.001949 0.161178 0.986724
1743057116.001119 590.592651 475.592407 -19.475004 0.015853 0.001199 0.167332 0.985772
1743057117.101348 595.549927 477.724365 -19.389091 0.013985 0.005186 0.173613 0.984701
1743057118.201398 599.744263 479.548340 -19.375389 0.010187 0.010124 0.183782 0.982862
1743057119.234762 603.041382 481.079041 -19.417345 0.007555 0.004664 0.191001 0.981550
1743057120.301491 605.840881 482.530609 -19.416332 0.003049 0.004926 0.203543 0.979049
1743057121.334869 608.025940 483.749756 -19.533768 -0.004151 0.000015 0.220956 0.975275
1743057122.434853 609.382751 484.571411 -19.527008 -0.010644 0.000845 0.237063 0.971436
1743057123.501614 609.867310 484.875122 -19.557484 -0.012614 -0.000044 0.241676 0.970275
1743057127.868487 609.795959 484.804779 -19.509811 -0.018149 0.006672 0.191976 0.981209
1743057152.736081 610.351135 485.165710 -19.588549 -0.015749 -0.003319 0.237245 0.971316
1743057153.835996 611.771851 486.142120 -19.689873 -0.020373 -0.003049 0.250030 0.968019
1743057154.902737 614.231689 487.854645 -19.767265 -0.021945 0.001370 0.291069 0.956450
1743057155.936105 617.082458 490.622925 -19.858206 -0.024147 0.003717 0.338044 0.940813
1743057157.002607 620.108276 494.105377 -20.013086 -0.025636 -0.001196 0.387161 0.921655
1743057160.969620 627.315491 510.247650 -20.454277 -0.014077 -0.002256 0.604761 0.796280
1743057162.002999 627.700256 515.297241 -20.499783 -0.008244 -0.005891 0.629143 0.777224
1743057163.036388 627.778992 520.319641 -20.526287 -0.009831 -0.006927 0.633204 0.773891
1743057164.103004 628.414185 524.890076 -20.535852 -0.012961 -0.005073 0.601328 0.798881
1743057165.136238 629.606628 528.961060 -20.575508 -0.017334 -0.007233 0.537693 0.842931
1743057166.136504 631.429504 532.235413 -20.502851 -0.024238 -0.004425 0.468126 0.883318
1743057167.170091 633.930786 535.167297 -20.457954 -0.022714 0.002192 0.378228 0.925431
1743057168.236385 637.229919 537.315674 -20.613770 -0.005684 -0.016034 0.264300 0.964290
1743057169.303250 640.631653 538.796265 -20.520418 -0.013855 -0.013576 0.186120 0.982336
1743057170.336617 644.140869 539.806885 -20.559227 -0.022535 -0.016255 0.127477 0.991452
1743057171.436554 648.067383 540.661560 -20.473167 -0.032569 -0.017434 0.091926 0.995080
1743057172.469880 651.596313 541.333252 -20.321075 -0.038716 -0.014210 0.082537 0.995734
1743057173.536760 655.005493 542.059143 -20.328239 -0.040017 -0.017038 0.081046 0.995761
1743057174.603485 658.391846 542.694763 -20.323832 -0.042005 -0.010886 0.085573 0.995387
1743057175.636848 661.915405 543.392761 -20.237726 -0.039272 -0.019875 0.085516 0.995364
1743057176.670118 665.693420 544.033875 -20.166119 -0.030654 -0.020673 0.090100 0.995246
1743057177.670222 669.552856 544.817810 -20.032722 -0.032311 -0.020526 0.092665 0.994961
1743057178.670230 673.456177 545.588867 -19.921902 -0.035746 -0.021897 0.094564 0.994636
1743057179.736988 677.573242 546.505554 -19.795412 -0.035204 -0.025622 0.089372 0.995046
1743057180.803483 681.548584 547.276245 -19.593981 -0.027949 -0.021627 0.092397 0.995095
1743057181.870386 685.708801 548.135315 -19.511002 -0.024839 -0.024572 0.097124 0.994659
1743057182.937141 689.719849 549.075073 -19.319048 -0.027264 -0.024363 0.103239 0.993984
1743057184.003602 693.912292 550.093323 -19.155466 -0.031814 -0.022181 0.108196 0.993373
1743057185.036987 697.948059 551.141357 -19.022591 -0.026721 -0.018898 0.113628 0.992984
1743057186.037257 701.761902 551.960571 -18.863871 -0.023173 -0.014336 0.120248 0.992370
1743057187.137248 705.791565 552.860413 -18.844421 -0.026472 -0.016235 0.130384 0.990977
1743057188.237109 709.513000 553.935425 -18.869875 -0.019237 -0.015278 0.132070 0.990936
1743057189.237401 712.710449 554.981018 -18.830349 -0.023425 -0.018106 0.130945 0.990948
1743057190.337370 715.889160 556.045288 -18.758533 -0.025775 -0.016904 0.135866 0.990248
1743057191.437246 719.027405 556.989136 -18.720955 -0.033430 -0.016464 0.139589 0.989508
1743057192.504126 722.300049 557.853394 -18.695623 -0.033234 -0.021130 0.132054 0.990460
1743057193.604172 725.795044 558.873413 -18.619156 -0.016791 -0.035754 0.124344 0.991453
1743057194.737526 729.298706 559.853577 -18.542688 -0.007326 -0.032599 0.128596 0.991134
1743057195.737661 732.480530 560.893188 -18.455784 -0.008425 -0.028325 0.127962 0.991339
1743057196.837625 736.318604 562.068298 -18.320839 -0.000286 -0.026764 0.128324 0.991371
1743057197.937617 740.512817 563.222961 -18.171566 -0.001357 -0.024708 0.132403 0.990887
1743057199.004352 744.465637 564.466431 -17.974098 0.003636 -0.029176 0.130688 0.990987
1743057200.004409 748.106934 565.632141 -17.785162 -0.000638 -0.020546 0.127901 0.991574
1743057201.037772 751.969299 566.760376 -17.587595 0.006162 -0.022147 0.127488 0.991574
1743057202.137632 756.126587 568.091187 -17.481689 0.013208 -0.030741 0.121099 0.992076
1743057203.137868 759.588196 569.135620 -17.246498 0.012156 -0.025472 0.116244 0.992820
1743057204.137925 762.397095 569.938110 -17.163042 0.021818 -0.028839 0.113189 0.992915
1743057205.271252 764.915955 570.606567 -17.010977 0.014795 -0.030446 0.111513 0.993186
1743057206.371118 766.739441 571.084839 -16.878626 0.015049 -0.029853 0.111503 0.993202
1743057207.437974 768.214417 571.527893 -16.829721 0.013127 -0.029840 0.109476 0.993455
1743057208.537856 770.002625 572.028442 -16.724955 0.009511 -0.027027 0.104312 0.994132
1743057209.571245 772.084167 572.565735 -16.604589 0.007143 -0.026411 0.099550 0.994656
1743057210.671360 774.537842 573.131409 -16.497528 0.007569 -0.028068 0.097431 0.994818
1743057211.671495 776.871765 573.594971 -16.414995 0.013166 -0.022190 0.097380 0.994913
1743057212.704911 779.470215 574.122803 -16.299265 0.015011 -0.024420 0.096063 0.994962
1743057213.738229 782.352905 574.906494 -16.218344 0.018133 -0.022111 0.099054 0.994671
1743057214.838247 785.839050 575.675720 -16.112686 0.018715 -0.025881 0.105319 0.993925
1743057215.938112 789.677002 576.615784 -15.882108 0.017511 -0.025898 0.107373 0.993727
1743057216.938361 793.479858 577.714844 -15.629262 0.016523 -0.024855 0.099413 0.994599
1743057217.939613 797.524902 578.532288 -15.535460 0.023373 -0.025337 0.091197 0.995236
1743057219.038243 802.235352 579.506287 -15.303150 0.025678 -0.027057 0.085769 0.995617
1743057220.138461 806.979736 580.427490 -15.110703 0.021559 -0.029177 0.083335 0.995861
1743057221.238498 811.716492 581.402100 -14.879633 0.020457 -0.029955 0.084672 0.995748
1743057222.338492 816.377686 582.432251 -14.548466 0.017992 -0.025099 0.079382 0.996366
1743057223.405281 820.972778 583.224060 -14.444733 0.019000 -0.028002 0.082628 0.996006
1743057224.471992 825.668091 584.222229 -14.156940 0.016141 -0.031440 0.079341 0.996221
1743057225.538489 830.413025 585.184753 -13.887218 0.020925 -0.026031 0.080893 0.996163
1743057226.571986 834.723267 585.886230 -13.633038 0.020964 -0.026149 0.085971 0.995734
1743057227.638732 839.356140 586.876831 -13.386839 0.021494 -0.025849 0.087980 0.995555
1743057228.672109 843.998901 587.901489 -13.166205 0.022832 -0.023642 0.085316 0.995812
1743057229.738692 848.826782 588.932373 -12.874546 0.014696 -0.026169 0.085427 0.995892
1743057230.772007 853.604126 589.972900 -12.655433 0.019121 -0.024910 0.085121 0.995876
1743057231.772239 857.947937 590.858276 -12.495550 0.018565 -0.020408 0.083796 0.996101
1743057232.772242 861.705444 591.762085 -12.279830 0.017938 -0.026484 0.082916 0.996043
1743057233.872112 864.926086 592.970032 -12.127718 0.016342 -0.025474 0.068470 0.997194
1743057234.872354 867.230469 593.483093 -12.052143 0.015914 -0.029200 0.065530 0.997296
1743057235.905722 869.079224 593.750000 -11.984795 0.014855 -0.032086 0.067581 0.997087
1743057236.972242 870.657410 594.098511 -11.786592 0.018297 -0.029691 0.060080 0.997584
1743057237.972360 872.428345 594.470825 -11.656259 0.015595 -0.034258 0.056142 0.997713
1743057239.039123 874.578308 594.858582 -11.443380 0.017409 -0.029730 0.055145 0.997884
1743057240.239120 877.348206 595.583618 -11.295542 0.023224 -0.029452 0.048896 0.998099
1743057241.305870 880.126709 596.208618 -11.142390 0.029357 -0.033838 0.041468 0.998135
1743057242.372977 883.194946 596.590759 -10.942854 0.032450 -0.035106 0.038620 0.998110
1743057243.439147 886.212158 596.945251 -10.784887 0.031173 -0.034596 0.038735 0.998164
1743057244.506015 888.623108 597.132080 -10.644710 0.027913 -0.034837 0.038897 0.998246
1743057245.539525 890.572998 597.346313 -10.471073 0.028719 -0.035521 0.038677 0.998207
1743057246.639258 892.115356 597.428955 -10.333659 0.031559 -0.034074 0.042273 0.998026
1743057247.639481 893.176819 597.547424 -10.268546 0.032718 -0.034511 0.044378 0.997882
1743057248.672861 894.144531 597.654602 -10.209255 0.027506 -0.038448 0.045632 0.997839
1743057249.739358 895.410461 597.797180 -10.094954 0.026943 -0.035623 0.048495 0.997824
1743057250.839595 897.124329 597.958618 -9.977374 0.028976 -0.035805 0.055115 0.997417
1743057251.872998 899.330322 598.325684 -9.809125 0.019684 -0.039670 0.062116 0.997086
1743057252.873106 901.989075 598.678589 -9.658321 0.017692 -0.038823 0.068471 0.996741
1743057253.972865 905.461426 599.123291 -9.407516 0.018117 -0.041200 0.073738 0.996262
1743057255.072980 909.459412 599.804565 -9.202516 0.023480 -0.043739 0.074173 0.996009
1743057256.073127 913.381897 600.625305 -8.902065 0.019192 -0.050350 0.074542 0.995761
1743057257.073222 917.309509 601.315125 -8.573448 0.028164 -0.045865 0.083008 0.995094
1743057258.206528 921.465393 602.182007 -8.182816 0.027381 -0.044967 0.099606 0.993633
1743057259.273235 925.482300 603.200989 -7.876697 0.021977 -0.047537 0.098174 0.993790
1743057260.339760 929.765991 604.221558 -7.517522 0.028656 -0.037211 0.084531 0.995313
1743057261.440000 934.814941 605.418762 -7.057967 0.027806 -0.041617 0.077237 0.995756
1743057262.473360 939.862610 606.510498 -6.609645 0.028068 -0.046230 0.080190 0.995311
1743057263.573383 945.525940 607.688782 -6.083735 0.028808 -0.038476 0.082987 0.995391
1743057264.640143 951.422668 608.731628 -5.684721 0.028533 -0.038036 0.083885 0.995340
1743057265.706610 957.483337 609.886902 -5.117721 0.025827 -0.029758 0.083055 0.995766
1743057266.706854 963.578735 611.067505 -4.795644 0.020876 -0.029600 0.082640 0.995921
1743057267.706901 969.533020 612.211792 -4.451450 0.018960 -0.017335 0.084515 0.996091
1743057268.840244 976.323547 613.583862 -4.299506 0.023045 -0.014923 0.087780 0.995762
1743057269.873628 982.718994 615.060669 -4.176738 0.026370 -0.015538 0.081745 0.996183
1743057270.907000 989.351929 616.263977 -3.986221 0.021040 -0.012586 0.071502 0.997139
1743057271.940349 995.955383 617.544250 -3.814209 0.017048 -0.015106 0.065795 0.997573
1743057273.006871 1002.665710 618.637390 -3.614012 0.020662 -0.014942 0.067048 0.997424
1743057274.007160 1009.052002 619.568298 -3.351067 0.006549 -0.009624 0.060192 0.998119
1743057275.073607 1016.340027 620.608154 -3.237670 0.016636 -0.011480 0.032763 0.999259
1743057276.107233 1023.142273 620.793579 -3.154450 0.018358 -0.013329 -0.011634 0.999675
1743057277.240363 1030.878052 620.400208 -2.881842 0.021335 -0.015653 -0.069400 0.997238
1743057278.307247 1037.579590 619.095032 -2.737663 0.017244 -0.014346 -0.118678 0.992679
1743057279.374050 1044.310059 617.331726 -2.541738 0.007346 -0.013264 -0.155620 0.987701
1743057280.407344 1051.001221 615.289551 -2.337408 0.002025 -0.013716 -0.171335 0.985115
1743057281.473866 1058.151489 613.146545 -2.115455 0.002372 -0.019522 -0.178082 0.983819
1743057282.574123 1065.457397 610.658447 -1.899757 0.002688 -0.016895 -0.191590 0.981326
1743057283.607507 1072.163818 608.138245 -1.711377 0.003397 -0.017731 -0.198353 0.979964
1743057284.673992 1079.463501 605.588440 -1.488412 0.005514 -0.018210 -0.198969 0.979821
1743057285.674112 1086.317993 603.110535 -1.232732 0.000082 -0.014749 -0.197674 0.980157
1743057286.740849 1093.659668 600.567017 -1.048624 -0.005687 -0.014573 -0.194696 0.980739
1743057287.907628 1101.560547 597.683289 -0.742880 -0.003109 -0.017806 -0.199514 0.979728
1743057289.007626 1108.632324 594.992249 -0.478081 -0.007148 -0.012310 -0.201560 0.979373
1743057290.174351 1115.911133 592.329895 -0.266599 -0.004730 -0.015323 -0.199298 0.979808
1743057291.174372 1122.076416 589.996948 -0.077538 -0.007705 -0.015190 -0.198429 0.979967
1743057292.241097 1129.015625 587.502136 0.141933 -0.009856 -0.011235 -0.198346 0.980018
1743057293.341131 1135.811279 585.102051 0.245853 -0.002893 -0.014018 -0.198569 0.979982
1743057294.374489 1142.024170 582.917969 0.420115 -0.003600 -0.010562 -0.201539 0.979417
1743057295.474366 1148.825684 580.402649 0.570475 -0.002032 -0.010781 -0.208875 0.977881
1743057296.474607 1154.615845 578.109009 0.681422 -0.004779 -0.009315 -0.215442 0.976461
1743057297.541119 1160.401978 575.951965 0.674430 0.000231 -0.013624 -0.217723 0.975915
1743057298.641366 1165.925293 573.767944 0.845711 -0.002966 -0.016930 -0.217341 0.975944
1743057299.807871 1171.768921 571.359558 1.032415 -0.000678 -0.016347 -0.218977 0.975593
1743057300.974748 1177.964844 568.888489 1.161650 0.005685 -0.019305 -0.225696 0.973990
1743057302.041479 1183.645020 566.506531 1.358275 0.007968 -0.016676 -0.223489 0.974531
1743057303.041494 1188.804199 564.235840 1.608777 0.013085 -0.021730 -0.221140 0.974912
1743057304.074854 1194.405396 561.836853 1.836115 0.011761 -0.027117 -0.223047 0.974359
1743057305.208235 1200.779175 559.276978 2.141568 0.008901 -0.017030 -0.217590 0.975851
1743057306.241618 1206.509521 556.995789 2.326239 0.003478 -0.016832 -0.218935 0.975588
1743057307.374988 1212.441040 554.423950 2.487543 0.009605 -0.016197 -0.220502 0.975205
1743057308.474853 1217.893677 552.015747 2.689822 0.013306 -0.019511 -0.223894 0.974327
1743057309.474995 1222.653320 549.935486 2.846009 0.011279 -0.018113 -0.220928 0.975057
1743057310.541813 1227.807251 547.833740 3.029661 0.010098 -0.016558 -0.214174 0.976603
1743057311.575121 1232.692871 545.891663 3.178492 0.011829 -0.019841 -0.212894 0.976802
1743057312.708483 1237.979736 543.725952 3.390367 0.017991 -0.018398 -0.229032 0.973079
1743057313.808371 1242.997681 541.863708 3.507248 0.021701 -0.023588 -0.230581 0.972525
1743057314.841733 1247.798828 540.055664 3.667742 0.026969 -0.025457 -0.232432 0.971905
1743057316.042014 1253.206055 537.708984 3.926020 0.025969 -0.026326 -0.229304 0.972652
1743057317.208499 1258.669922 535.298523 4.096615 0.031682 -0.027695 -0.220022 0.974587
1743057318.241905 1264.067383 533.192322 4.287793 0.031635 -0.032950 -0.223436 0.973648
1743057319.308734 1269.628174 530.798645 4.624473 0.024236 -0.038917 -0.232186 0.971590
1743057320.375511 1275.498779 528.259216 5.141582 0.018223 -0.049382 -0.242363 0.968757
1743057321.542152 1281.794922 525.273376 5.698741 0.014412 -0.048622 -0.248813 0.967223
1743057322.542255 1287.247192 522.533936 6.188834 0.019002 -0.044194 -0.245392 0.968230
1743057323.608729 1293.144165 519.657532 6.669664 0.024701 -0.045934 -0.249452 0.966982
1743057324.675620 1299.300781 516.579407 7.252572 0.020913 -0.039992 -0.249350 0.967361
1743057325.742359 1305.608154 513.437988 7.697896 0.028402 -0.037535 -0.240930 0.969400
1743057326.775724 1311.889648 510.477509 8.149136 0.027639 -0.041162 -0.240879 0.969288
1743057327.809128 1318.092651 507.368134 8.658801 0.025357 -0.040060 -0.238179 0.970063
1743057328.875603 1324.788208 504.203674 9.192881 0.015899 -0.045633 -0.237611 0.970158
1743057329.908997 1331.121826 501.143188 9.676797 0.016204 -0.038235 -0.234544 0.971218
1743057330.975862 1337.747192 498.023956 10.240446 0.024011 -0.046363 -0.231896 0.971338
1743057332.042364 1344.651978 494.838623 10.823522 0.027128 -0.048649 -0.233036 0.970872
1743057333.042624 1350.980469 491.783997 11.430633 0.018554 -0.048334 -0.232883 0.971126
1743057334.075994 1357.274536 488.811005 11.950394 0.023154 -0.040184 -0.229739 0.972147
1743057335.209352 1362.363892 486.432129 12.359812 0.024059 -0.035863 -0.228679 0.972544
1743057336.209369 1365.102783 485.172760 12.549288 0.023064 -0.042445 -0.229298 0.972157
1743057337.276113 1366.878296 484.311829 12.723040 0.019494 -0.039274 -0.229081 0.972419
1743057338.309494 1368.044800 483.761444 12.805129 0.016964 -0.037177 -0.227114 0.973010
1743057339.309506 1369.159180 483.262360 12.902058 0.014753 -0.040149 -0.225763 0.973243
1743057340.342854 1370.931885 482.534607 12.993404 0.013269 -0.039064 -0.227739 0.972848
1743057341.376267 1373.210815 481.408600 13.141219 0.013555 -0.036180 -0.224887 0.973619
1743057342.509613 1376.451538 479.958313 13.352783 0.009795 -0.038834 -0.223672 0.973841
1743057343.543014 1379.832520 478.376770 13.584257 0.012532 -0.042181 -0.220321 0.974434
1743057344.576368 1383.670410 476.781067 13.912727 0.013770 -0.044287 -0.220986 0.974174
1743057345.609794 1387.671265 475.133209 14.219169 0.015229 -0.049380 -0.213133 0.975656
1743057346.743127 1392.036377 473.399628 14.593122 0.007390 -0.046559 -0.213211 0.975868
1743057347.809620 1396.422607 471.601410 14.944043 0.014488 -0.045621 -0.214595 0.975529
1743057348.876464 1400.890137 469.677826 15.244956 0.019709 -0.034516 -0.213186 0.976203
1743057349.976393 1405.250977 467.817413 15.505726 0.019217 -0.025480 -0.214810 0.976134
1743057350.976638 1408.785156 466.290070 15.658229 0.018073 -0.023207 -0.224554 0.974018
1743057352.076623 1412.022583 464.799316 15.812674 0.021483 -0.022860 -0.225070 0.973837
1743057353.176481 1415.363892 463.355286 15.932494 0.025480 -0.018081 -0.211610 0.976855
1743057354.243374 1418.973389 461.843811 15.922255 0.030024 -0.026050 -0.202963 0.978379
1743057355.276744 1423.126953 460.244507 16.061607 0.030731 -0.023187 -0.206985 0.977586
1743057356.276845 1427.433960 458.487244 16.221329 0.027895 -0.026372 -0.202745 0.978479
1743057357.309992 1432.269287 456.577698 16.389698 0.025019 -0.025110 -0.195696 0.980024
1743057358.310256 1437.161621 454.702057 16.540958 0.021142 -0.025441 -0.191271 0.980980
1743057359.410259 1442.636597 452.585938 16.722208 0.023975 -0.019111 -0.196221 0.980080
1743057360.443639 1447.686157 450.588837 16.963890 0.023418 -0.026084 -0.203703 0.978405
1743057361.476988 1452.775024 448.564026 17.162775 0.021380 -0.020145 -0.200190 0.979317
1743057362.477004 1457.647217 446.596863 17.315035 0.020054 -0.013959 -0.197555 0.979987
1743057363.576890 1462.616943 444.596008 17.505341 0.017952 -0.024003 -0.194617 0.980421
1743057364.643742 1467.270874 442.851044 17.688063 0.021890 -0.022126 -0.196067 0.980096
1743057365.743618 1471.888794 441.055450 17.873104 0.019189 -0.023659 -0.197913 0.979746
1743057366.777091 1476.060669 439.299286 18.035419 0.019783 -0.022387 -0.203298 0.978661
1743057367.777233 1480.049927 437.876221 18.181683 0.020385 -0.022488 -0.200787 0.979165
1743057368.777723 1483.977539 436.278168 18.319874 0.019657 -0.020348 -0.196817 0.980032
1743057369.810608 1488.161133 434.759613 18.418415 0.021466 -0.019765 -0.191369 0.981084
1743057370.910489 1492.547119 433.165253 18.567266 0.019123 -0.016258 -0.198017 0.979877
1743057371.910750 1496.113525 431.606689 18.662645 0.021816 -0.016573 -0.200339 0.979343
1743057372.977243 1499.797119 430.140991 18.775238 0.018935 -0.021673 -0.206545 0.978014
1743057374.010607 1502.893066 428.699158 18.838800 0.013393 -0.015459 -0.228832 0.973251
1743057375.010777 1505.240845 427.178925 18.909733 0.025513 -0.013104 -0.291152 0.956247
1743057376.043998 1507.007324 425.213623 18.900984 0.036262 -0.017255 -0.396182 0.917293
1743057377.044236 1507.965698 423.068939 18.826895 0.037365 -0.008376 -0.505109 0.862206
1743057378.077633 1508.318726 421.161102 18.696527 0.033206 -0.016726 -0.600588 0.798694
1743057379.110999 1508.282104 419.593140 18.690681 0.028861 -0.002307 -0.667295 0.744230
1743057380.181622 1508.038696 417.904083 18.667639 0.019880 -0.006732 -0.723928 0.689556
1743057381.244349 1507.619995 415.796082 18.542807 0.026861 -0.000578 -0.761023 0.648168
1743057382.277725 1507.107056 413.224884 18.465506 -0.000374 -0.003230 -0.784634 0.619950
1743057383.377614 1506.225952 410.531647 18.584881 -0.027734 -0.030834 -0.809187 0.586086
1743057384.444488 1505.480103 408.674774 18.678829 -0.024879 -0.031521 -0.825726 0.562641
1743057385.544368 1504.918213 407.579895 18.783888 -0.025742 -0.030881 -0.835551 0.547940
1743057386.544764 1504.733398 407.084778 18.815315 -0.023714 -0.027567 -0.839475 0.542180
1743057390.777969 1504.622192 406.904083 18.831242 -0.026721 -0.028758 -0.838123 0.544066
1743057391.811235 1504.403687 406.279114 18.844749 -0.024269 -0.022285 -0.831923 0.553911
1743057392.844666 1504.029907 405.297089 18.865379 -0.011230 -0.018509 -0.828460 0.559630
1743057393.911505 1503.488892 403.898315 18.953121 -0.010956 -0.009014 -0.841976 0.539328
1743057394.978264 1502.414185 402.657532 18.913950 0.012145 0.016162 0.877593 -0.478979
1743057395.978294 1501.337036 401.580536 18.978630 0.012206 0.013593 0.915693 -0.401463
1743057397.078116 1499.520264 400.904663 18.915155 0.005004 -0.000010 0.956914 -0.290328
1743057398.078363 1497.534912 400.542725 18.960615 -0.005472 -0.010252 0.988926 -0.147954
1743057399.078417 1494.978271 400.516846 18.869431 -0.003230 -0.009635 0.999618 -0.025703
1743057400.178257 1491.786865 401.097961 18.796555 -0.001589 -0.014122 0.996050 0.087652
1743057401.211627 1488.365479 402.216217 18.762001 0.003263 -0.013172 0.987692 0.155819
1743057402.278475 1484.521729 403.599915 18.704382 0.007750 -0.007409 0.987051 0.160045
1743057403.345243 1480.548950 404.816406 18.731754 0.003814 -0.005204 0.987016 0.160489
1743057404.445232 1476.470703 406.056427 18.738476 0.000687 -0.008630 0.987217 0.159147
1743057405.511888 1472.582764 407.283417 18.701996 0.007894 -0.010622 0.987239 0.158694
1743057406.578529 1468.875732 408.431458 18.695618 0.010349 -0.007150 0.986957 0.160493
1743057407.645373 1465.091675 409.561493 18.739580 0.010091 -0.008550 0.987028 0.160004
1743057408.678765 1461.543335 410.625610 18.862158 0.009951 -0.010086 0.986887 0.160788
1743057409.812119 1457.703247 412.039886 18.885307 0.008041 -0.005174 0.986448 0.163795
1743057410.845489 1454.162720 413.249329 18.938745 0.010945 -0.006916 0.986660 0.162277
1743057411.845493 1450.738037 414.223816 19.026825 0.007372 -0.007031 0.986533 0.163246
1743057412.945372 1447.084961 415.357971 18.656059 -0.047605 0.002771 0.985253 0.164324
1743057413.945627 1443.293457 416.501190 18.238941 -0.046794 0.001791 0.984921 0.166547
1743057415.012118 1438.858765 417.871185 17.831213 -0.045333 0.008056 0.985015 0.166207
1743057416.078991 1434.462769 419.241699 17.464350 -0.037699 0.004125 0.985987 0.162456
1743057417.145734 1430.038940 420.535553 17.541279 0.011281 -0.001107 0.987246 0.158796
1743057418.145853 1426.240601 421.544891 17.671665 0.014253 -0.002540 0.987047 0.159775
1743057419.212503 1422.220581 422.843170 17.724016 0.013384 -0.005189 0.985420 0.169530
1743057420.278969 1418.571167 424.097473 17.945934 0.009482 0.001572 0.983845 0.178766
1743057421.312362 1415.275879 425.173889 17.848686 0.009088 0.004756 0.981637 0.190480
1743057422.379247 1411.951782 426.566101 17.976114 0.006194 0.005666 0.982178 0.187767
1743057423.479108 1408.641235 427.582611 17.931293 0.006358 0.004523 0.986000 0.166563
1743057424.479117 1405.657837 428.280090 17.695532 -0.041214 0.011703 0.989183 0.140292
1743057425.512541 1402.374268 428.873108 17.351490 -0.042894 0.016933 0.990961 0.125972
1743057426.512753 1399.037598 429.405426 17.132282 -0.045595 0.016390 0.991321 0.122212
1743057427.579238 1395.292236 430.053864 16.880180 -0.019186 0.013381 0.992918 0.116479
1743057428.579492 1392.195068 430.683044 16.898502 0.001739 0.007544 0.994423 0.105183
1743057429.679509 1389.254028 431.264465 16.899338 0.006578 0.009599 0.995837 0.090406
1743057430.746260 1386.821899 431.310944 16.934298 0.024702 0.008655 0.993509 0.110703
1743057431.812749 1385.453735 432.145203 17.252539 0.020337 0.012741 0.978965 0.202612
1743057432.879608 1384.662231 433.299255 17.319839 0.016709 0.014592 0.941931 0.335072
1743057433.979490 1384.269043 434.631744 17.349293 0.011029 0.015795 0.876168 0.481622
1743057434.979750 1384.205322 435.921631 17.355076 0.005495 0.010190 0.791814 0.610652
1743057436.046243 1384.796753 437.339661 17.325348 0.004860 0.006590 0.673924 0.738755
1743057437.046516 1385.733276 438.414337 17.270603 0.002918 0.004358 0.543221 0.839573
1743057438.079734 1387.028198 439.165192 17.239321 0.001931 -0.000446 0.382731 0.923858
1743057439.179864 1388.740356 439.362183 17.243244 0.003693 -0.000528 0.202210 0.979335
1743057440.246478 1389.872681 439.139648 17.213907 0.010522 -0.001105 0.067085 0.997691
1743057441.313237 1389.996338 439.113617 17.237448 0.009169 0.000283 0.050102 0.998702
1743057442.346614 1389.652100 439.224823 17.239565 0.011534 0.002880 0.095038 0.995403
1743057443.380019 1389.065918 439.345459 17.225182 0.005400 0.001737 0.157631 0.987482
1743057444.446736 1388.439087 439.170288 17.243656 0.000395 0.003006 0.177803 0.984061
1743057445.446738 1387.901367 438.753693 17.185144 0.002824 -0.001328 0.142563 0.989781
1743057446.580225 1387.205444 438.230927 17.240206 0.006963 0.001725 0.055688 0.998422
1743057447.613469 1386.422852 437.884369 17.223801 0.002260 -0.000863 -0.019149 0.999814
1743057448.680250 1385.590454 437.644958 17.101099 -0.000157 -0.006726 -0.088040 0.996094
1743057449.746744 1384.807007 437.543671 17.066906 0.004944 -0.008309 -0.154295 0.987978
1743057450.913640 1384.075073 437.637543 17.102369 0.002191 -0.007307 -0.188002 0.982139
1743057452.013493 1383.483521 437.880554 17.070145 0.003789 -0.007256 -0.180776 0.983490
1743057453.046870 1383.047485 438.122040 17.065773 0.001795 -0.006902 -0.160455 0.987017
1743057454.047114 1382.617920 438.316284 17.084164 0.003545 -0.005175 -0.156660 0.987633
1743057455.113641 1382.150879 438.387268 17.036221 0.003494 -0.006760 -0.155826 0.987755
1743057456.113950 1381.847412 438.485046 17.027973 0.003783 -0.006779 -0.156435 0.987658
1743057457.180360 1381.519165 438.565002 17.011040 0.005029 -0.007605 -0.155696 0.987763
1743057458.313738 1381.159180 438.692963 17.004751 0.004415 -0.009302 -0.156693 0.987594
1743057459.413862 1380.789673 438.794495 16.987127 0.003901 -0.007981 -0.156304 0.987669
1743057461.414330 1380.674927 438.791962 17.092627 0.004176 -0.004157 -0.155177 0.987869
1743057462.580766 1380.719727 438.839752 16.999216 0.003860 -0.007377 -0.156688 0.987613
1743057467.914239 1380.558105 438.860382 17.060522 -0.018052 -0.142342 -0.153309 0.977706
1743057469.047612 1380.450562 438.955994 17.071669 -0.021417 -0.243677 -0.080656 0.966259
1743057470.081006 1380.385254 439.005005 17.030468 0.027348 -0.280756 0.013779 0.959290
1743057477.481119 1380.463623 438.925049 17.107681 -0.022500 -0.238408 -0.102608 0.965467
1743057478.581388 1380.540405 438.808075 17.075306 -0.007727 -0.127085 -0.154496 0.979756
1743057479.647860 1380.591675 438.807220 17.028141 0.005167 -0.016168 -0.160125 0.986951
1743057524.249602 1380.578491 438.769196 17.018808 -0.008717 -0.082607 -0.198371 0.976601
1743057525.382984 1380.431519 438.921051 16.988270 -0.045440 -0.196910 -0.137754 0.969632
1743057526.483128 1380.377441 438.969299 17.017347 0.019979 -0.266772 -0.058831 0.961755
1743057619.686730 1380.441406 438.835724 17.051348 -0.032904 -0.247121 -0.133687 0.959154
1743057620.820005 1380.492920 438.772308 17.080153 -0.017457 -0.186734 -0.143232 0.971756
1743057621.886618 1380.540649 438.745056 17.064116 -0.003447 -0.106181 -0.177261 0.978413
1743057623.986811 1380.584473 438.646667 16.994762 0.003700 -0.020634 -0.198081 0.979961
1743057627.120003 1380.564331 438.656982 17.021055 -0.007177 -0.074603 -0.232376 0.969734
1743057628.153371 1380.517944 438.702911 17.064743 -0.008755 -0.144219 -0.177625 0.973434
1743057631.320423 1380.528198 438.734192 17.054947 -0.000413 -0.062384 -0.113168 0.991615
1743057635.620496 1380.523682 438.810242 17.077673 0.005415 -0.000478 -0.136253 0.990659
1743057641.053878 1380.546631 438.791656 17.039274 -0.003177 -0.081879 -0.133456 0.987662
1743057643.154114 1380.634888 438.754730 16.996239 0.005313 -0.024371 -0.119257 0.992550
1743057663.154853 1380.471436 438.893250 17.089840 -0.025036 -0.177038 -0.003006 0.983881
1743057665.325491 1380.543213 438.834106 17.089687 -0.021013 -0.156812 -0.090013 0.983293
1743057666.421650 1380.557373 438.833649 17.042494 -0.006927 -0.102069 -0.092904 0.990405
1743057682.655629 1380.664062 438.840973 17.007528 -0.000898 -0.048715 -0.112146 0.992497
1743057691.155728 1380.829224 438.762482 16.971441 0.004642 -0.006409 -0.131168 0.991329
1743057692.155986 1381.284668 438.531647 17.008726 0.004009 -0.005747 -0.159624 0.987153
1743057693.222514 1381.978882 437.866486 16.990734 0.005956 -0.004025 -0.219987 0.975476
1743057694.256005 1382.784302 437.080322 17.001251 0.011876 -0.004086 -0.289149 0.957202
1743057695.358336 1383.697266 436.055573 17.052334 0.012945 -0.006203 -0.350674 0.936388
1743057696.422750 1384.733398 434.895538 17.093807 0.009070 0.000830 -0.377104 0.926126
1743057697.489485 1386.054321 433.749664 17.064606 0.010734 0.007412 -0.366010 0.930520
1743057705.423112 1403.187500 428.195099 17.890621 -0.002267 -0.066699 -0.083779 0.994247
1743057706.523106 1405.467285 427.563995 18.155918 -0.001002 -0.066239 -0.094652 0.993304
1743057707.589869 1407.869385 427.045471 18.427219 -0.000863 -0.056103 -0.099944 0.993410
1743057708.689857 1410.308472 426.292938 18.541767 0.004139 -0.008172 -0.130702 0.991379
1743057709.789739 1412.604858 425.317688 18.543011 0.003644 -0.009511 -0.169904 0.985408
1743057710.856597 1414.518311 424.462982 18.601629 0.003166 -0.007961 -0.190799 0.981592
1743057711.923375 1416.134155 423.709198 18.696032 0.004346 -0.008992 -0.192483 0.981249
1743057712.956757 1417.612183 423.191559 18.726368 0.009497 -0.002777 -0.168999 0.985567
1743057713.990097 1419.074219 422.970551 18.753632 0.011404 -0.003032 -0.105542 0.994345
1743057714.990122 1420.334106 423.145508 18.807747 0.014473 -0.002822 0.005649 0.999875
1743057716.156899 1421.606323 423.876007 18.807806 0.010670 -0.000537 0.162263 0.986690
1743057717.290308 1422.423706 424.999420 18.810652 0.003375 0.000906 0.320086 0.947382
1743057718.390249 1422.846802 426.256104 18.799717 -0.002792 0.006716 0.466932 0.884263
1743057719.423633 1423.062622 427.477356 18.756006 0.000357 0.005646 0.572257 0.820055
1743057720.523483 1423.065186 428.816681 18.721315 -0.012795 0.016924 0.626691 0.778979
1743057721.523747 1423.234375 429.930634 18.649008 -0.018481 0.033275 0.641640 0.766061
1743057722.623762 1423.406616 431.042480 18.563702 -0.020145 0.032957 0.635042 0.771512
1743057723.690484 1423.672852 432.052856 18.474407 -0.017164 0.031711 0.624435 0.780244
1743057724.690505 1423.935913 432.789062 18.443277 -0.021592 0.030117 0.616455 0.786518
1743057725.723887 1424.099609 433.323944 18.392496 -0.020331 0.033093 0.610211 0.791286
1743057731.090764 1424.148071 433.442200 18.415609 -0.022459 0.029316 0.609276 0.792098
1743057732.224119 1424.331421 434.325989 18.303196 -0.021177 0.027526 0.615012 0.787753
1743057733.324002 1424.571411 435.458557 18.287748 -0.023844 0.029051 0.608010 0.793039
1743057734.390859 1424.969849 436.655182 18.142223 -0.022358 0.024054 0.604659 0.795807
1743057735.524256 1425.460938 438.294769 18.058067 -0.022064 0.025544 0.604690 0.795745
1743057736.557633 1426.055176 440.158661 17.891630 -0.028809 0.025318 0.606662 0.794034
1743057737.557647 1426.539307 441.799927 17.824053 -0.021141 0.016972 0.606913 0.794306
1743057738.590982 1427.070068 443.338806 17.724205 -0.016002 0.014086 0.618550 0.785456
1743057739.724371 1427.489746 444.735992 17.674393 -0.016395 0.011416 0.632304 0.774462
1743057740.791131 1427.652344 445.489471 17.668371 -0.012234 0.003096 0.640266 0.768050
1743057741.891151 1427.711548 445.615540 17.671095 -0.011421 0.001817 0.642753 0.765986
1743057750.424815 1427.763672 445.925079 17.681753 -0.010181 -0.001247 0.646690 0.762684
1743057751.457993 1427.797485 446.170258 17.624273 -0.009054 -0.007986 0.650691 0.759247
1743057752.558281 1427.941895 446.318970 17.638340 -0.007405 -0.011100 0.656981 0.753789
1743057753.560960 1427.793213 446.389709 17.680864 -0.007041 -0.009831 0.659257 0.751820
1743057754.658152 1427.825684 446.531738 17.658968 -0.004498 -0.011817 0.665503 0.746288
1743057756.724991 1427.791992 446.678253 17.697287 -0.004036 -0.011232 0.671443 0.740960
1743057761.091887 1427.759888 447.037842 17.680742 -0.004803 -0.013196 0.684463 0.728912
1743057762.191930 1427.722290 447.254547 17.705065 -0.003362 -0.013008 0.694821 0.719058
1743057763.325236 1427.554321 447.957245 17.665264 -0.011544 -0.008523 0.725749 0.687809
1743057764.458622 1427.338135 448.666321 17.666445 -0.019108 -0.014705 0.762127 0.646979
1743057765.558483 1426.956909 449.261444 17.787418 -0.022371 -0.009436 0.804727 0.593148
1743057766.658725 1426.440308 449.979767 17.738407 -0.016369 -0.013359 0.847049 0.531094
1743057767.725247 1425.802002 450.571716 17.641176 -0.012940 -0.013993 0.883915 0.467259
1743057768.725497 1425.032227 451.024017 17.641806 -0.013508 -0.019375 0.916547 0.399228
1743057769.725525 1424.300659 451.331726 17.583782 -0.011703 -0.018039 0.942971 0.332180
1743057770.758847 1423.300537 451.529266 17.543152 -0.014767 -0.014179 0.971508 0.236123
1743057771.792241 1421.986084 451.827118 17.439568 -0.019100 -0.008612 0.986606 0.161770
1743057772.892119 1420.242554 452.238007 17.393177 -0.024458 -0.007045 0.992466 0.119847
1743057773.892370 1418.362671 452.525574 17.297838 -0.021661 -0.009624 0.994402 0.102974
1743057774.925738 1416.423706 452.936096 17.311604 -0.022193 -0.003585 0.995105 0.096234
1743057775.992232 1414.325073 453.410156 17.183777 -0.020859 -0.006823 0.995374 0.093538
1743057777.092511 1411.917847 453.902374 17.051022 -0.018242 -0.006822 0.995857 0.088819
1743057778.192500 1408.950562 454.365112 16.950613 -0.019755 -0.005050 0.995928 0.087814
1743057779.225875 1405.803711 454.848633 16.853222 -0.021023 -0.007688 0.995554 0.091495
1743057780.292506 1402.466431 455.326691 16.660839 -0.024747 -0.004812 0.994982 0.096823
1743057781.325880 1399.408813 455.892944 16.506510 -0.029509 -0.000942 0.995225 0.093037
1743057782.325991 1396.462280 456.313660 16.335011 -0.036825 -0.001781 0.994804 0.094903
1743057783.326045 1393.421143 456.648743 16.061413 -0.031703 -0.000252 0.994019 0.104504
1743057784.359378 1390.486572 457.324463 15.821087 -0.035846 0.006696 0.994008 0.103049
1743057785.459254 1387.094116 457.896881 15.462012 -0.033310 0.004425 0.993562 0.108196
1743057786.559504 1383.679443 458.591400 15.165535 -0.040175 0.002706 0.992772 0.113056
1743057787.659519 1380.036865 459.592041 14.879072 -0.035568 -0.001227 0.993096 0.111772
1743057788.726265 1376.129639 460.570435 14.596163 -0.037147 -0.004441 0.993102 0.111129
1743057789.792738 1371.970703 461.551941 14.330064 -0.044169 -0.003523 0.992505 0.113887
1743057790.859610 1367.494507 462.676086 13.938061 -0.028834 -0.003107 0.993303 0.111835
1743057791.992987 1362.695435 463.652283 13.683853 -0.026029 -0.008137 0.993291 0.112379
1743057793.059738 1358.543823 464.560913 13.457014 -0.027173 -0.012214 0.993401 0.110760
1743057794.059743 1354.765991 465.555939 13.272021 -0.030890 -0.012118 0.992757 0.115467
1743057795.126494 1350.544434 466.468475 13.034162 -0.030463 -0.010135 0.993207 0.111849
1743057796.159858 1346.729370 467.554108 12.822040 -0.029709 -0.009829 0.994822 0.096691
1743057797.226364 1342.484009 468.717957 12.594579 -0.036408 -0.011469 0.995386 0.088028
1743057798.259733 1338.060913 469.733521 12.318283 -0.035384 -0.016706 0.994980 0.092111
1743057799.293120 1333.501221 470.668213 12.023392 -0.034626 -0.011231 0.994862 0.094467
1743057800.293238 1328.907104 471.432434 11.733153 -0.025592 0.000243 0.995720 0.088804
1743057801.293384 1324.017334 472.327972 11.454997 -0.034198 -0.012606 0.995267 0.090084
1743057802.326749 1318.668701 473.196106 11.063201 -0.032138 -0.030506 0.994927 0.090318
1743057803.460108 1313.089600 474.255341 10.727747 -0.041396 -0.027371 0.995161 0.084809
1743057804.460333 1308.341797 475.175110 10.411119 -0.044854 -0.024441 0.994803 0.088083
1743057805.560001 1303.094604 476.154510 10.061955 -0.044501 -0.016090 0.995013 0.087811
1743057806.560260 1298.485596 476.980438 9.780167 -0.036148 -0.016932 0.995239 0.088915
1743057807.626756 1293.570312 477.956360 9.359890 -0.030404 -0.015617 0.995817 0.084732
1743057808.727000 1288.362793 478.897827 9.079398 -0.030966 -0.018646 0.995303 0.089803
1743057809.793484 1283.426025 479.890289 8.802574 -0.039932 -0.020628 0.994545 0.094128
1743057810.793734 1279.158936 480.707336 8.480425 -0.037732 -0.021251 0.994876 0.091357
1743057811.827369 1275.026611 481.493958 8.187891 -0.039617 -0.024897 0.994827 0.090165
1743057812.860683 1271.118896 482.318054 7.890473 -0.040773 -0.023199 0.994763 0.090810
1743057813.927000 1267.256348 483.137695 7.601500 -0.043575 -0.022542 0.995176 0.084952
1743057814.993873 1263.697021 483.807037 7.329056 -0.044651 -0.015924 0.995374 0.083572
1743057816.027240 1260.812988 484.399445 7.093273 -0.048062 -0.014559 0.995342 0.082291
1743057817.093866 1258.327759 484.715942 6.914948 -0.042186 -0.012448 0.995306 0.086206
1743057818.127236 1256.158691 484.999146 6.675476 -0.039419 -0.014300 0.995212 0.088290
1743057819.160481 1254.160522 485.258453 6.530191 -0.030109 -0.011544 0.995277 0.091562
1743057820.227399 1252.335205 485.479828 6.397694 -0.023035 -0.013117 0.995192 0.094290
1743057821.294123 1250.696777 485.729797 6.353752 -0.027474 -0.010074 0.993746 0.107763
1743057822.327498 1249.391479 485.977814 6.315360 -0.025588 -0.006430 0.991589 0.126709
1743057823.327504 1248.494019 486.357361 6.289738 -0.022086 -0.007392 0.989487 0.142731
1743057824.460870 1247.448486 486.932037 6.230808 -0.020535 -0.013264 0.980213 0.196432
1743057825.560749 1246.437134 487.906525 6.285620 -0.019666 -0.014225 0.960395 0.277583
1743057826.660997 1245.577148 489.036957 6.278428 -0.017937 -0.019036 0.923807 0.381964
1743057827.727496 1244.999756 490.741241 6.259688 -0.016136 -0.038635 0.858695 0.510774
1743057828.827769 1244.974976 492.415833 6.356647 0.008154 -0.051180 0.787891 0.613630
1743057829.927752 1244.972778 493.794220 6.465170 0.005881 -0.059485 0.748221 0.660752
1743057831.061125 1245.010864 494.804840 6.543314 0.032016 -0.054339 0.731121 0.679327
1743057832.094480 1245.123047 495.812042 6.652376 0.038840 -0.056343 0.724407 0.685968
1743057833.161229 1245.153564 497.352051 6.846496 0.037093 -0.052608 0.715207 0.695943
1743057834.194615 1245.273804 499.041962 7.071240 0.047157 -0.047085 0.704256 0.706812
1743057835.261139 1245.422119 500.964874 7.282710 0.039684 -0.040634 0.704167 0.707759
1743057836.294490 1245.711792 503.084137 7.477890 0.034405 -0.031531 0.703203 0.709456
1743057837.394777 1245.760620 506.035339 7.728354 0.042084 -0.036907 0.694390 0.717418
1743057838.428126 1246.052490 508.722992 8.036850 0.044813 -0.050335 0.695016 0.715829
1743057839.461349 1246.199219 510.881439 8.248466 0.029684 -0.034478 0.687749 0.724522
1743057840.494716 1246.340454 512.519165 8.392056 0.023808 -0.019292 0.681189 0.731466
1743057841.561484 1246.468506 513.695740 8.430774 0.025783 -0.019665 0.676437 0.735787
1743057842.661354 1246.519043 514.305725 8.407726 0.031611 -0.017512 0.674925 0.737001
1743057844.761609 1246.523926 514.418213 8.422753 0.032993 -0.016631 0.674340 0.737496
1743057845.794993 1246.547363 514.809204 8.457169 0.033694 -0.014642 0.674878 0.737014
1743057846.828367 1246.628296 515.485474 8.463724 0.035843 -0.013977 0.676913 0.735057
1743057847.928240 1246.760254 516.632080 8.550918 0.032909 -0.016140 0.674834 0.737059
1743057849.061630 1247.055054 518.276184 8.655623 0.032044 -0.013192 0.671291 0.740383
1743057850.128513 1247.449585 520.329712 8.775084 0.033434 -0.012631 0.667645 0.743622
1743057851.261900 1247.925293 523.101624 8.917061 0.033104 -0.016671 0.659409 0.750871
1743057852.361754 1248.437866 526.325745 9.173564 0.030200 -0.017072 0.646589 0.762050
1743057853.362014 1249.147949 529.244141 9.360712 0.030920 -0.015795 0.639505 0.768002
1743057854.428492 1249.873291 532.258057 9.610991 0.024734 -0.020977 0.630524 0.775492
1743057855.432848 1250.548828 534.972961 9.838208 0.022246 -0.025793 0.621596 0.782597
1743057856.495248 1251.319458 537.916199 9.993341 0.020034 -0.024274 0.616276 0.786901
1743057857.528623 1252.081055 540.716248 10.210728 0.027252 -0.022750 0.616332 0.786686
1743057858.528920 1252.812378 543.028931 10.527025 0.023310 -0.019197 0.633608 0.773065
1743057859.562130 1252.899780 545.393982 10.737329 0.021153 -0.014553 0.675282 0.737113
1743057860.562255 1252.833008 547.341431 10.944901 -0.000547 -0.008025 0.748587 0.662988
1743057861.662278 1252.064819 549.077026 10.969336 -0.035774 -0.011743 0.821914 0.568366
1743057862.695633 1250.891479 550.537720 10.797502 -0.064947 -0.015400 0.882847 0.464894
1743057863.828984 1249.062378 551.585022 10.564941 -0.068965 -0.015252 0.943484 0.323805
1743057864.928878 1246.931396 552.213867 10.161757 -0.082633 -0.010424 0.980600 0.177445
1743057865.929111 1244.916992 552.371216 9.802605 -0.077439 -0.000622 0.994806 0.066059
1743057866.962499 1242.856201 552.432861 9.444977 -0.071322 0.003928 0.997426 0.006271
1743057867.995865 1240.832275 552.493958 9.078512 -0.070419 0.014248 0.997398 -0.005946
1743057869.029246 1238.868042 552.416809 8.823606 -0.079247 0.015765 0.996729 0.001876
1743057870.029284 1237.220215 552.705933 8.622264 -0.079055 0.014437 0.996753 0.005096
1743057871.129117 1235.779541 552.859741 8.584737 -0.082149 0.017023 0.996218 0.022600
1743057872.229383 1235.087646 552.986084 8.524466 -0.070251 0.014023 0.996758 0.036617
1743057873.295874 1234.562866 553.143738 8.401260 -0.064516 0.020273 0.996643 0.046155
1743057874.362783 1234.158936 553.278198 8.458551 -0.048591 0.013532 0.995792 0.076509
1743057875.396122 1233.438354 553.922546 8.458800 -0.024746 0.009518 0.984983 0.170606
1743057876.562867 1232.783936 554.745850 8.427127 -0.007711 0.000444 0.961868 0.273406
1743057877.629386 1232.318604 555.788391 8.454147 -0.005048 -0.003602 0.922651 0.385585
1743057878.696228 1232.141968 557.167297 8.336417 0.003148 0.020189 0.855728 0.517022
1743057879.796112 1232.132690 559.022766 8.102065 -0.044769 0.052027 0.773865 0.629620
1743057880.896407 1232.073486 561.301941 7.758941 -0.056157 0.053021 0.740672 0.667414
1743057881.996382 1231.939087 563.948914 7.285031 -0.052982 0.063639 0.736989 0.670813
1743057883.096238 1231.998779 566.711304 6.819008 -0.052213 0.059335 0.732557 0.676102
1743057884.129619 1231.993408 569.271912 6.433532 -0.054535 0.053421 0.723861 0.685710
1743057885.196466 1232.095947 571.597229 6.088179 -0.052695 0.056459 0.721372 0.688229
1743057886.229878 1232.172974 573.591492 5.733329 -0.050532 0.066724 0.722420 0.686370
1743057887.296356 1232.198853 575.439941 5.597530 -0.020361 0.028679 0.724238 0.688652
1743057888.396605 1232.369751 577.349304 5.578022 0.006566 -0.013710 0.708915 0.705130
1743057889.429993 1232.853516 579.074646 5.622458 0.010696 -0.006830 0.645561 0.763603
1743057890.430034 1233.788330 580.374512 5.685828 0.006808 -0.007168 0.552427 0.833502
1743057891.463390 1235.031494 581.321289 5.686595 0.011918 -0.003720 0.446182 0.894855
1743057892.496717 1236.247559 581.853271 5.631621 0.037668 0.020400 0.350744 0.935491
1743057893.530147 1237.424316 582.157532 5.480108 0.033303 0.059817 0.260638 0.963006
1743057894.596865 1238.791504 582.334656 5.216498 0.033286 0.083021 0.184098 0.978830
1743057895.596876 1240.261719 582.428040 5.004723 0.019691 0.078721 0.121485 0.989271
1743057896.696732 1242.446045 582.530090 4.938376 0.018007 0.009339 0.053365 0.998369
1743057897.697008 1244.618286 582.413208 4.967543 0.015670 -0.007403 0.019888 0.999652
1743057898.796991 1246.911621 582.245483 4.907377 0.017744 -0.006837 -0.004428 0.999809
1743057899.830415 1249.106934 582.184326 4.976269 0.015873 0.004197 -0.015079 0.999752
1743057900.930221 1251.625122 582.116943 4.947097 0.011833 -0.003470 0.006140 0.999905
1743057901.997119 1254.003296 582.762512 4.888116 0.019454 -0.001848 0.114351 0.993248
1743057903.030485 1255.892212 584.190674 4.872792 0.024372 -0.005303 0.287577 0.957433
1743057904.063872 1257.006470 586.215149 4.971188 0.013594 -0.009168 0.461893 0.886784
1743057905.097230 1257.328857 588.494995 5.005414 0.008117 -0.006483 0.621554 0.783302
1743057906.101120 1256.901123 591.117737 5.078842 0.007676 -0.005992 0.731221 0.682071
1743057907.130594 1256.213623 594.030090 5.161660 0.010226 0.000032 0.777199 0.629172
1743057908.197409 1255.424683 596.917725 5.237112 -0.000952 0.004164 0.787072 0.616846
1743057909.330780 1255.442993 599.800354 5.228893 -0.001036 -0.001280 0.713723 0.700426
1743057910.364116 1256.447754 601.970459 5.223750 -0.006422 0.002561 0.588422 0.808524
1743057911.364119 1258.032593 603.422302 5.173910 -0.004630 -0.007788 0.453842 0.891036
1743057912.364812 1259.853760 604.489624 5.100343 -0.003136 -0.005587 0.341525 0.939851
1743057913.430885 1262.189331 605.164490 5.058433 -0.004467 -0.011466 0.205581 0.978563
1743057914.497618 1264.628906 605.259827 5.175110 0.002816 -0.014346 0.071350 0.997344
1743057915.530978 1266.883789 605.169006 5.245445 0.003071 0.001052 0.029047 0.999573
1743057916.564667 1269.070068 605.263489 5.234163 0.000502 -0.002295 0.030924 0.999519
1743057917.630854 1271.355591 605.368286 5.258707 -0.003645 0.007291 0.030810 0.999492
1743057918.630884 1273.512939 605.505066 5.259496 -0.003688 0.008401 0.034743 0.999354
1743057919.631131 1275.531738 605.658630 5.211491 0.000046 0.003714 0.051628 0.998659
1743057920.764500 1277.632690 606.046082 5.152048 0.001211 0.010142 0.083853 0.996426
1743057921.864487 1279.563721 606.520691 5.135607 0.003652 0.010927 0.084461 0.996360
1743057922.964377 1281.364136 606.564209 5.042344 -0.009231 0.007404 0.097967 0.995119
1743057923.964636 1282.928345 606.175598 5.035594 -0.017025 0.010415 0.029339 0.999370
1743057925.031123 1284.433838 605.417969 5.015111 -0.021859 0.012296 -0.125266 0.991806
1743057926.064505 1285.479370 604.167969 4.938802 -0.019188 -0.009184 -0.298063 0.954309
1743057927.097888 1285.943359 602.640259 5.001969 -0.012930 -0.008095 -0.467164 0.884039
1743057928.164766 1286.023315 600.909729 5.066641 -0.014502 -0.012027 -0.591654 0.805972
1743057929.231499 1286.105347 598.754089 5.175402 -0.019949 -0.013895 -0.643540 0.765027
1743057930.331487 1286.405640 595.717041 5.264190 -0.012858 -0.012571 -0.662147 0.749158
1743057931.464864 1286.677368 592.185242 5.391418 -0.010446 -0.009487 -0.668582 0.743504
1743057932.531610 1286.944824 588.817505 5.508171 -0.010899 -0.013511 -0.671610 0.740701
1743057933.598122 1287.224976 585.546692 5.617427 -0.012705 -0.018565 -0.672162 0.740063
1743057934.664999 1287.441895 582.513794 5.698412 -0.009968 -0.017402 -0.670525 0.741616
1743057935.831748 1287.579834 579.289001 5.849306 -0.003260 -0.020563 -0.679864 0.733043
1743057936.831865 1287.750244 576.482849 5.936447 -0.011112 -0.023232 -0.684031 0.728998
1743057937.931630 1288.060913 573.330200 6.043796 -0.002330 -0.015724 -0.674019 0.738543
1743057938.998482 1288.299072 570.320923 6.156963 -0.014346 -0.012627 -0.658946 0.751947
1743057940.031875 1288.895020 567.530640 6.237793 -0.015038 -0.016198 -0.657922 0.752761
1743057941.131739 1289.284546 564.407959 6.407617 -0.014661 -0.005285 -0.651473 0.758512
1743057942.131867 1289.599243 561.601196 6.478348 -0.010695 0.000441 -0.662067 0.749368
1743057943.198628 1289.515259 558.644653 6.491753 -0.017778 -0.006497 -0.721344 0.692318
1743057944.265364 1288.466064 556.046936 6.596708 -0.019259 -0.003081 -0.814611 0.579679
1743057945.298731 1286.662964 554.122192 6.690186 0.012354 0.007223 0.897882 -0.440004
1743057946.365243 1284.136475 552.951111 6.759745 0.005727 0.009669 0.960142 -0.279286
1743057947.398659 1281.543701 552.653748 6.817243 0.008839 0.010970 0.993045 -0.116889
1743057948.465479 1279.126831 552.900696 6.821525 0.006294 0.012670 0.999819 0.012725
1743057949.565357 1277.244873 553.824707 6.781890 0.009282 0.015955 0.989121 0.145942
1743057950.632261 1276.308228 554.772949 6.750464 0.011181 0.017220 0.963870 0.265583
1743057951.765633 1275.820557 555.901184 6.685315 0.013035 0.016883 0.922634 0.385087
1743057952.798980 1275.667847 556.665466 6.676843 0.012257 0.018321 0.889099 0.457184
1743057953.832376 1275.598022 557.037659 6.684009 0.011236 0.017626 0.874008 0.485461
1743057954.899131 1275.430176 557.523193 6.660902 0.010659 0.013458 0.867267 0.497546
1743057955.932492 1275.133911 558.271240 6.697340 0.007730 0.015294 0.859013 0.511667
1743057957.065861 1274.879639 559.434082 6.707975 0.009995 0.015291 0.825635 0.563909
1743057958.069731 1274.908813 560.710388 6.667516 0.010567 0.015039 0.777433 0.628698
1743057959.165741 1274.887695 562.222900 6.640521 0.010707 0.014211 0.750312 0.660845
1743057960.199114 1274.749756 563.901184 6.635058 0.004807 0.017382 0.741590 0.670611
1743057961.232505 1274.612671 565.841919 6.569381 0.005260 0.018013 0.736275 0.676423
1743057962.232531 1274.515259 567.841492 6.536908 0.011972 0.010407 0.731669 0.681475
1743057963.265878 1274.419922 570.099182 6.528132 0.011654 0.020133 0.723077 0.690375
1743057964.299235 1274.593994 572.645630 6.525615 0.002509 0.022326 0.714410 0.699366
1743057965.299489 1274.745605 575.159729 6.455635 0.005178 0.019463 0.696585 0.717191
1743057966.365996 1274.892578 577.681030 6.404111 0.003096 0.026739 0.691732 0.721652
1743057967.432879 1275.076904 579.990967 6.414936 0.005917 0.029573 0.697478 0.715971
1743057968.466320 1275.020508 581.990723 6.300305 0.005318 0.029186 0.709877 0.703701
1743057969.566100 1274.958496 584.011780 6.190529 0.000322 0.028726 0.724405 0.688776
1743057970.599492 1274.779907 585.840210 6.120752 0.008472 0.024866 0.725086 0.688157
1743057971.632863 1274.623779 587.715332 6.027720 0.006389 0.030440 0.722917 0.690234
1743057972.633452 1274.474976 589.488037 6.066421 0.003839 0.034378 0.727106 0.685654
1743057973.666493 1274.327393 591.305969 5.959309 0.003092 0.030897 0.740281 0.671580
1743057974.732978 1274.085449 593.131714 5.896230 0.009528 0.027036 0.744717 0.666765
1743057975.799857 1274.147461 594.987915 5.793415 -0.003872 0.037453 0.716936 0.696121
1743057976.833244 1274.580811 596.622864 5.763362 -0.011013 0.042883 0.661104 0.748987
1743057977.933275 1275.187744 597.784790 5.658880 -0.014388 0.032053 0.603761 0.796391
1743057979.033269 1275.320068 598.088074 5.650464 -0.016296 0.032880 0.594180 0.803495
1743057980.033362 1275.283447 597.912476 5.641217 -0.018657 0.033155 0.590339 0.806259
1743057981.066794 1275.264160 597.410522 5.653529 -0.016823 0.035986 0.565218 0.823985
1743057982.100129 1275.162720 596.798279 5.675286 -0.019574 0.037907 0.529061 0.847511
1743057983.166616 1275.002686 596.373352 5.734803 -0.020737 0.045242 0.515952 0.855171
1743057984.199990 1274.833374 596.028259 5.750021 -0.024554 0.043208 0.510221 0.858606
1743057985.266881 1274.685425 595.712891 5.761449 -0.026804 0.042086 0.514108 0.856273
1743057986.300253 1274.526733 595.455078 5.836460 -0.027872 0.048228 0.498992 0.864815
1743057987.367016 1274.460815 595.073608 5.793375 -0.023334 0.041494 0.473682 0.879408
1743057988.467002 1274.412476 594.696167 5.825099 -0.024600 0.038170 0.442702 0.895518
1743057989.633736 1274.356445 594.318176 5.868636 -0.023915 0.034628 0.406693 0.912595
1743057990.700248 1274.241089 593.969360 5.901933 -0.024334 0.029238 0.369594 0.928415
1743057991.733619 1274.064575 593.567993 5.965120 -0.024706 0.027765 0.324166 0.945270
1743057992.866990 1273.863525 593.166321 6.016501 -0.021404 0.026903 0.278573 0.959800
1743057993.900363 1273.715088 592.932800 6.019326 -0.021111 0.024495 0.248512 0.968089
1743057995.000648 1273.651123 592.811279 6.012949 -0.021441 0.021346 0.234251 0.971705
1743057998.302545 1274.208618 592.814270 5.992608 -0.020908 0.018582 0.185579 0.982231
1743057999.434123 1274.783569 592.769653 5.978659 -0.019862 0.018287 0.138032 0.990060
1743058003.634248 1274.570190 592.623352 5.977605 -0.020663 0.018195 0.109622 0.993592
1743058004.734244 1274.228638 592.324707 6.027055 -0.020404 0.019528 0.063464 0.997584
1743058005.834120 1273.849365 592.102234 6.057097 -0.021744 0.017293 0.014672 0.999506
1743058007.967747 1273.678711 592.091858 6.056508 -0.022132 0.016694 0.004856 0.999604
1743058009.034326 1273.396729 592.108765 6.069334 -0.025564 0.015122 0.004519 0.999549
1743058010.067677 1273.071533 592.103638 6.110129 -0.024760 0.016322 0.004351 0.999551
1743058011.201001 1272.842407 592.115295 6.095098 -0.022546 0.013105 0.003313 0.999654
1743058013.301244 1272.561035 592.154541 6.059011 -0.022705 0.009018 0.002867 0.999697
1743058014.401142 1272.452271 592.130310 6.100714 -0.024798 0.011942 0.007227 0.999595
1743058015.401397 1272.229980 592.120422 6.044063 -0.026298 0.006804 0.011866 0.999561
1743058016.467876 1272.039307 592.153442 6.149748 -0.026863 0.014573 0.010149 0.999481
1743058017.668140 1271.880371 592.173096 6.186197 -0.025357 0.016958 0.009204 0.999492
1743058018.701507 1271.731079 592.107117 6.175639 -0.026202 0.015328 0.013517 0.999448
1743058019.801507 1271.618896 592.177246 6.182511 -0.025661 0.015537 0.010225 0.999498
1743058021.968264 1271.414185 592.142090 6.156289 -0.025954 0.012174 0.012289 0.999514
1743058023.001693 1271.312622 592.138672 6.199810 -0.027583 0.014914 0.012548 0.999430
1743058024.135009 1271.186401 592.128845 6.213731 -0.027897 0.015553 0.013618 0.999397
1743058034.001864 1271.048584 592.092468 6.169359 -0.032061 -0.060274 0.010271 0.997614
1743058035.035231 1270.971680 592.145142 6.197227 -0.030227 -0.132851 0.042187 0.989776
1743058036.102133 1270.917725 592.184082 6.194590 -0.033576 -0.195127 0.075900 0.977260
1743058046.869003 1270.854004 592.138611 6.171527 -0.012154 -0.259418 0.083210 0.962097
1743058047.902370 1270.697754 592.034302 6.140687 0.033415 -0.268971 0.065596 0.960331
1743058052.202747 1270.524780 591.977783 6.061979 0.049399 -0.303490 0.304056 0.901667
1743058053.336142 1270.529053 591.969055 5.984557 0.041307 -0.224832 0.280122 0.932350
1743058054.336143 1270.509033 591.981689 6.060976 0.083244 -0.276301 0.331226 0.898342
