#timestamp x y z qx qy qz qw
1743056777.988517 -0.000000 0.000000 0.000000 0.016026 -0.127033 0.000887 0.991769
1743056781.222092 0.177340 0.116418 -0.002398 0.004312 -0.082225 -0.023161 0.996335
1743056783.322242 0.316725 0.216142 -0.070521 0.021362 0.006729 -0.039436 0.998971
1743056801.322740 0.207136 0.178917 -0.040191 0.011074 -0.037334 -0.080122 0.996024
1743056802.422859 0.129264 0.171337 -0.033313 0.025999 -0.099311 -0.092954 0.990364
1743056803.489484 0.095942 0.150149 0.001153 0.014461 -0.217922 -0.066415 0.973597
1743056805.723138 0.172448 0.158244 -0.030754 0.016225 -0.106000 -0.059232 0.992468
1743056806.756358 0.230856 0.205431 -0.033953 0.014357 -0.048397 -0.060474 0.996892
1743056807.822987 0.340774 0.207174 -0.083440 0.015500 -0.014128 -0.062355 0.997834
1743056816.356575 0.484325 0.218596 -0.064223 0.016818 0.012921 -0.067519 0.997493
1743056817.456865 0.746099 0.178998 -0.069352 0.016923 0.013392 -0.065362 0.997628
1743056818.490348 0.968688 0.193196 -0.072208 0.016690 0.012485 -0.062072 0.997854
1743056819.523641 1.109345 0.227488 -0.054379 0.015690 0.013018 -0.057202 0.998154
1743056822.690364 1.247402 0.249375 -0.043978 0.014594 0.011588 -0.049067 0.998622
1743056823.723730 1.411299 0.264323 -0.091854 0.027018 0.015212 -0.039371 0.998744
1743056824.757110 1.896641 0.452018 -0.093121 0.016527 0.027982 -0.006528 0.999451
1743056825.823870 2.612195 0.830324 -0.095173 0.013464 0.026093 0.069715 0.997135
1743056826.857248 3.375203 1.459488 -0.067372 0.008231 0.025457 0.166299 0.985712
1743056827.890617 4.175775 2.454250 -0.011653 0.023087 0.019224 0.296069 0.954694
1743056828.924035 4.771909 3.896997 -0.023270 0.015755 0.007863 0.430685 0.902331
1743056829.990497 5.048319 5.930066 0.042310 0.015339 0.008036 0.560988 0.827643
1743056830.990744 5.242264 8.318774 0.122628 0.014018 0.008528 0.628972 0.777255
1743056832.057225 5.514000 11.362992 0.233148 0.017201 0.009073 0.647822 0.761544
1743056833.090638 5.876830 14.701810 0.351696 0.017765 0.009817 0.646437 0.762697
1743056834.090858 6.172860 18.077999 0.464804 0.017996 0.006976 0.652866 0.757228
1743056835.157345 6.539532 21.757229 0.571251 0.015869 0.003849 0.648652 0.760910
1743056836.190719 6.972966 25.510164 0.672334 0.009882 0.006164 0.640539 0.767837
1743056837.257586 7.591900 29.352713 0.838083 0.010251 0.006433 0.641224 0.767258
1743056838.324381 8.305872 33.491623 0.976154 0.011777 0.013621 0.643658 0.765101
1743056839.357607 8.696834 37.761459 1.118082 0.006160 0.014362 0.646095 0.763097
1743056840.390970 9.158393 42.183338 1.288328 0.001870 0.013379 0.652522 0.757649
1743056841.457749 9.642099 47.147099 1.299673 -0.001357 0.011966 0.652797 0.757437
1743056842.524517 10.063579 52.414959 1.275290 -0.006160 0.012235 0.652118 0.757994
1743056843.557860 10.515935 57.691589 1.259922 -0.002570 0.012801 0.653011 0.757236
1743056844.557908 10.977352 62.626934 1.232196 -0.007479 0.015551 0.651430 0.758512
1743056845.591256 11.386579 67.532349 1.273044 -0.004018 0.013077 0.649432 0.760296
1743056846.658080 11.832523 72.356056 1.250138 0.003007 0.011621 0.649934 0.759896
1743056847.691387 12.284537 76.915863 1.184183 0.000518 0.013921 0.647969 0.761540
1743056848.724742 12.798220 81.529808 1.208347 0.000934 0.013960 0.645904 0.763291
1743056849.791247 13.382207 86.457359 1.211005 -0.002758 0.012417 0.643004 0.765757
1743056850.824801 13.970624 91.399834 1.215605 -0.002054 0.010466 0.638966 0.769161
1743056851.891474 14.711464 96.573586 1.194178 0.007387 0.014720 0.635802 0.771676
1743056852.924863 15.425596 101.576141 1.252744 0.008856 0.011485 0.633866 0.773307
1743056853.991614 16.198673 106.782974 1.269827 0.005999 0.016428 0.632497 0.774365
1743056854.991637 16.931837 111.796074 1.252789 0.005186 0.011863 0.636794 0.770926
1743056856.124970 17.583469 117.490768 1.275278 0.003471 0.013086 0.643816 0.765061
1743056857.191715 18.159901 122.797455 1.282685 0.005212 0.011653 0.645912 0.763305
1743056858.258244 18.728710 128.069214 1.313384 0.002656 0.009681 0.648827 0.760870
1743056859.291940 19.260336 132.901291 1.350702 0.001217 0.010998 0.648202 0.761388
1743056860.324986 19.923479 137.252777 1.431115 0.004344 0.010885 0.627603 0.778445
1743056861.391857 21.010162 141.293839 1.408851 0.004104 0.006060 0.578061 0.815961
1743056862.491803 22.941973 144.893387 1.465867 -0.007720 -0.003501 0.478147 0.878239
1743056863.491863 25.629438 147.147980 1.582725 -0.014438 -0.010177 0.322978 0.946242
1743056864.592014 29.021528 147.934052 1.759985 0.000209 -0.017950 0.114105 0.993307
1743056865.692010 32.361263 147.487564 1.895409 0.011501 -0.014931 -0.052427 0.998447
1743056866.725380 35.419643 146.908203 2.021547 0.014427 -0.007423 -0.088178 0.995973
1743056867.792127 38.969830 146.376968 2.062976 0.011176 0.000061 -0.093221 0.995583
1743056868.825492 42.969727 145.677429 2.096837 0.017488 0.003434 -0.097810 0.995046
1743056869.925483 47.542629 144.968338 2.097083 0.021099 0.006498 -0.091257 0.995583
1743056871.025384 52.395599 144.447296 2.112783 0.019994 0.007645 -0.081198 0.996468
1743056872.025627 56.933811 144.008911 2.109952 0.023179 0.004246 -0.085684 0.996044
1743056873.092120 61.939167 143.380005 2.110570 0.020714 0.006673 -0.088635 0.995826
1743056874.125503 66.840775 142.761368 2.100319 0.018255 0.006935 -0.091800 0.995586
1743056875.125763 71.778610 142.092102 2.053187 0.015514 0.011091 -0.094204 0.995370
1743056876.225802 77.186775 141.323624 1.995575 0.006634 0.019890 -0.099235 0.994843
1743056877.259103 82.100906 140.514557 1.861011 0.001011 0.023767 -0.115907 0.992975
1743056878.358988 86.881798 139.558014 1.638163 -0.000088 0.036140 -0.120722 0.992028
1743056879.359233 90.988678 138.646271 1.445785 -0.001129 0.042292 -0.132775 0.990243
1743056880.392618 94.982162 137.682648 1.301573 -0.009860 0.026247 -0.149196 0.988410
1743056881.425981 98.524986 136.740463 1.235546 -0.009511 0.024106 -0.159806 0.986808
1743056882.525996 101.838028 135.884018 1.150915 -0.009073 0.023090 -0.155851 0.987469
1743056883.592766 104.614914 135.210785 1.080229 -0.007692 0.021577 -0.145909 0.989033
1743056884.659250 107.028328 134.751083 1.002542 -0.004350 0.021756 -0.123914 0.992045
1743056885.659372 108.827995 134.485291 0.953107 0.000531 0.019464 -0.107496 0.994015
1743056886.692626 109.891518 134.308609 0.931784 0.004626 0.016592 -0.103198 0.994512
1743056887.760173 110.434608 134.214890 0.934125 0.003744 0.014840 -0.104158 0.994443
1743056892.059497 110.771439 134.153595 0.930514 0.005227 0.011694 -0.104360 0.994457
1743056893.060295 111.403763 134.024292 0.934602 0.004857 0.009402 -0.100474 0.994883
1743056894.126268 112.338806 133.941681 0.885559 0.003220 0.011725 -0.091023 0.995775
1743056895.126481 113.306992 133.791656 0.811374 0.002790 0.025468 -0.085501 0.996009
1743056896.126497 113.984352 133.706833 0.764734 0.004529 0.034614 -0.083568 0.995890
1743056897.193233 114.594261 133.627121 0.761101 0.004515 0.043511 -0.082076 0.995666
1743056898.259745 115.105431 133.547745 0.737537 -0.001860 0.037634 -0.081924 0.995926
1743056899.326605 115.923515 133.455276 0.659698 0.003641 0.034818 -0.084613 0.995799
1743056900.393363 116.821777 133.310913 0.530161 -0.000402 0.043422 -0.085500 0.995391
1743056901.493374 117.618912 133.115372 0.433630 -0.007097 0.057864 -0.094676 0.993800
1743056902.560105 118.234184 132.873642 0.377234 -0.001252 0.063104 -0.121782 0.990548
1743056903.660690 119.116493 132.369827 0.348259 -0.001259 0.045372 -0.180157 0.982590
1743056904.726877 120.126434 131.559647 0.412770 -0.009722 0.001792 -0.259165 0.965782
1743056905.726878 121.116447 130.360794 0.490059 -0.004252 -0.023408 -0.359641 0.932787
1743056906.760229 121.932037 128.607285 0.535645 -0.014728 -0.010389 -0.495006 0.868702
1743056907.860245 122.356583 125.569946 0.590967 -0.017650 -0.002729 -0.656503 0.754112
1743056908.960241 122.021133 121.834427 0.696045 -0.017041 -0.003836 -0.751383 0.659635
1743056909.993458 121.378578 117.778877 0.882710 -0.017674 -0.007613 -0.777126 0.629051
1743056911.026869 120.317047 113.112671 1.257418 -0.017344 -0.008529 -0.791393 0.611003
1743056912.060245 119.062820 107.676987 1.550674 -0.017036 -0.007583 -0.795029 0.606284
1743056913.160510 117.637772 101.498940 1.836706 -0.015262 -0.003567 -0.791704 0.610704
1743056914.193909 116.327087 95.293739 2.107775 -0.013419 -0.004074 -0.789801 0.613202
1743056915.260469 114.982796 88.783768 2.293166 -0.008683 -0.002806 -0.785768 0.618454
1743056916.260613 113.842339 82.604172 2.532261 -0.003864 -0.007198 -0.782065 0.623143
1743056917.293997 112.781662 76.330292 2.738853 -0.004643 -0.003212 -0.778931 0.627084
1743056918.360543 111.503250 69.691406 2.933981 -0.001498 0.001201 -0.769819 0.638260
1743056919.460739 110.536331 62.573750 3.050013 -0.001381 -0.001857 -0.764971 0.644061
1743056920.460961 109.754517 55.892033 3.151242 -0.000087 -0.002091 -0.760264 0.649611
1743056921.494101 108.973869 49.262051 3.228451 -0.000639 0.000028 -0.755363 0.655306
1743056922.560872 108.334312 42.496830 3.292896 -0.002160 -0.000221 -0.751143 0.660136
1743056923.627360 107.740845 35.972462 3.272827 0.001799 -0.002718 -0.743052 0.669225
1743056924.727478 107.455688 29.260818 3.439268 0.006648 -0.004452 -0.737470 0.675332
1743056925.794081 107.675842 22.960957 3.585919 -0.004376 -0.015879 -0.704799 0.709216
1743056926.860982 108.299515 16.858185 3.739580 -0.005434 -0.002557 -0.693945 0.720003
1743056927.927487 108.955124 10.943897 3.905769 -0.006055 0.003095 -0.689160 0.724577
1743056928.927717 109.628586 5.328620 3.964493 0.004629 -0.005204 -0.690557 0.723245
1743056929.929031 110.261589 -0.324967 4.071197 0.000885 -0.004573 -0.688790 0.724946
1743056931.061116 110.914253 -6.730927 4.219200 0.001035 -0.004137 -0.688704 0.725030
1743056932.160996 111.642899 -13.109001 4.373783 -0.002482 -0.003377 -0.686897 0.726742
1743056933.194359 112.316353 -18.903160 4.468043 -0.003014 0.001032 -0.688610 0.725125
1743056934.194598 112.587563 -24.899897 4.422361 -0.000131 -0.003637 -0.691223 0.722632
1743056935.261121 112.956039 -31.372255 4.556809 -0.003084 0.000013 -0.692182 0.721716
1743056936.261365 113.496269 -37.672199 4.638031 -0.001188 0.006287 -0.689795 0.723977
1743056937.327879 114.134277 -44.538979 4.667484 -0.000948 0.003514 -0.681631 0.731687
1743056938.461229 115.226501 -52.188751 4.692367 0.008790 -0.004218 -0.657177 0.753673
1743056939.461489 116.966873 -58.888710 4.828614 0.011612 0.001591 -0.625434 0.780189
1743056940.527983 119.318367 -65.822182 4.805977 0.013615 -0.001740 -0.587282 0.809266
1743056941.594867 122.270065 -72.426056 4.823801 0.013448 -0.002504 -0.547863 0.836456
1743056942.661621 125.767487 -78.504166 4.902851 0.013902 0.001696 -0.514436 0.857414
1743056943.761625 129.393478 -84.006172 4.891181 0.007329 -0.000413 -0.491746 0.870708
1743056944.828278 132.497437 -88.570320 4.961651 0.004712 0.007111 -0.470585 0.882313
1743056945.829008 135.083023 -92.144859 4.927561 0.007016 0.007663 -0.453985 0.890949
1743056946.928372 137.517319 -95.169350 4.924032 0.000945 0.011110 -0.436405 0.899681
1743056947.961733 139.007492 -97.258133 4.954633 -0.002790 0.013109 -0.417506 0.908575
1743056948.995142 140.405304 -98.657471 4.923239 0.001303 0.003560 -0.408981 0.912535
1743056950.095024 141.361130 -99.642220 4.943036 0.000533 -0.000909 -0.402227 0.915539
1743056951.128356 142.061371 -100.393204 4.938830 0.001103 0.002805 -0.396297 0.918117
1743056952.195261 142.609772 -101.030121 4.953908 0.001221 0.006358 -0.389515 0.920998
1743056953.295108 143.312164 -101.501320 4.941482 0.003510 0.004932 -0.388626 0.921376
1743056954.362088 143.919968 -102.120865 4.953578 0.003096 0.003297 -0.383873 0.923375
1743056955.428732 144.713257 -102.906265 4.941607 0.005548 0.001892 -0.385965 0.922495
1743056956.428739 145.522919 -103.738869 4.935740 0.008181 0.001944 -0.388972 0.921211
1743056957.495495 146.609268 -104.901688 4.885384 0.012337 0.001356 -0.391222 0.920213
1743056958.496362 148.014740 -106.393723 4.866410 0.014915 -0.001211 -0.386105 0.922333
1743056959.562245 150.201828 -108.178810 4.923307 0.017181 -0.005164 -0.357030 0.933921
1743056960.595487 153.173111 -110.091461 4.959878 0.018284 -0.008138 -0.311532 0.950025
1743056961.596179 156.587891 -111.972725 5.027911 0.021800 -0.006796 -0.270424 0.962471
1743056962.629012 160.584442 -114.001999 5.116815 0.018459 -0.011418 -0.255159 0.966655
1743056963.662363 164.761444 -116.011017 5.217888 0.021950 -0.009070 -0.255779 0.966443
1743056964.695743 168.786774 -117.982796 5.294917 0.018263 -0.006595 -0.246684 0.968901
1743056965.795750 172.626541 -119.895432 5.368788 0.023790 -0.007128 -0.245177 0.969160
1743056966.929111 176.312759 -121.737663 5.413650 0.022206 -0.006095 -0.242173 0.969960
1743056967.995860 179.401062 -123.314690 5.439818 0.022048 -0.002688 -0.239760 0.970578
1743056968.995977 181.163757 -124.843826 5.312300 0.018777 0.006203 -0.231973 0.972521
1743056970.062624 183.420151 -126.236557 5.278702 0.013857 0.000242 -0.230126 0.973062
1743056971.096005 185.912506 -127.294647 5.218892 0.017317 -0.003847 -0.232278 0.972488
1743056972.129363 188.219894 -128.679947 5.248919 0.022970 -0.004781 -0.224682 0.974150
1743056973.195882 190.978485 -130.210815 5.234128 0.023371 -0.005573 -0.216470 0.975994
1743056974.262757 193.915161 -131.592972 5.178380 0.020538 -0.005300 -0.209570 0.977564
1743056976.196120 198.775253 -134.336090 5.118358 0.001770 -0.002770 -0.192018 0.981386
1743056977.229497 201.018265 -135.373734 5.115218 -0.005145 -0.003135 -0.190414 0.981685
1743056978.296853 203.454361 -136.519592 5.170018 -0.011987 -0.001998 -0.185924 0.982489
1743056979.429609 206.374619 -137.851791 5.153270 -0.011626 -0.002375 -0.182494 0.983135
1743056980.462991 209.425262 -138.949997 5.132614 -0.012020 -0.001676 -0.178460 0.983872
1743056981.562990 213.495438 -140.258652 5.148061 -0.013241 -0.000906 -0.171629 0.985072
1743056982.696344 218.304123 -141.650681 5.184883 -0.011390 0.000887 -0.164117 0.986375
1743056983.896216 224.123032 -143.308578 5.241302 -0.015368 0.003632 -0.155826 0.987658
1743056984.963114 229.496277 -144.793427 5.294095 -0.014415 0.002323 -0.147145 0.989007
1743056986.030383 235.319366 -146.308548 5.353646 -0.010477 0.004497 -0.142660 0.989706
1743056987.163230 241.520676 -147.893845 5.377266 -0.009531 0.007439 -0.145375 0.989303
1743056988.196614 247.036469 -149.301910 5.404191 0.000487 0.008721 -0.147317 0.989051
1743056989.363124 252.802551 -150.881592 5.421691 -0.013145 0.004192 -0.134500 0.990818
1743056990.463362 258.053009 -152.135895 5.352907 -0.018387 0.005838 -0.117683 0.992864
1743056991.563355 263.673492 -153.208054 5.338238 -0.009356 0.005359 -0.104234 0.994494
1743056992.564315 268.853424 -153.986816 5.349998 -0.008591 0.004879 -0.092437 0.995670
1743056993.663469 274.574310 -154.659241 5.386860 -0.016605 0.002382 -0.084620 0.996272
1743056994.730049 279.973816 -155.298416 5.437524 -0.013504 0.001085 -0.079612 0.996734
1743056995.730263 284.660156 -155.861526 5.481277 -0.012696 0.003217 -0.083561 0.996417
1743056996.796823 289.533661 -156.566452 5.523175 -0.009298 0.000854 -0.083090 0.996498
1743056997.797010 294.043762 -157.171585 5.551569 -0.008077 0.003968 -0.076668 0.997016
1743056998.896981 299.020477 -157.797348 5.528630 -0.013191 0.003604 -0.064615 0.997817
1743056999.964372 303.903748 -158.294296 5.485868 -0.021581 0.002339 -0.054215 0.998293
1743057001.030257 308.784943 -158.603699 5.469343 -0.020359 0.002934 -0.048360 0.998618
1743057002.030304 313.148163 -158.930145 5.480007 -0.027277 0.003000 -0.038404 0.998885
1743057003.063632 317.447235 -159.214218 5.455837 -0.036311 0.003459 -0.019746 0.999139
1743057004.063869 321.658234 -159.346970 5.481618 -0.037268 0.001610 -0.008908 0.999264
1743057005.130397 325.878357 -159.456879 5.438745 -0.038094 0.002490 -0.000831 0.999271
1743057006.130603 329.841492 -159.398361 5.375063 -0.039968 0.009435 0.010722 0.999099
1743057007.197115 334.056671 -159.040939 5.296901 -0.042285 0.006946 0.060035 0.997276
1743057008.230506 338.248291 -158.011078 5.165565 -0.041663 0.011416 0.116904 0.992203
1743057009.297353 342.751617 -156.556000 4.964532 -0.039694 0.016011 0.174320 0.983758
1743057010.397226 347.516388 -154.376312 4.705608 -0.037005 0.024198 0.217684 0.975017
1743057011.397495 352.213470 -151.693527 4.363889 -0.031130 0.019101 0.260115 0.964887
1743057012.463992 357.209259 -148.133759 3.902899 -0.036638 0.024793 0.304428 0.951507
1743057013.530848 362.369293 -144.028107 3.500404 -0.031823 0.023515 0.334784 0.941464
1743057014.530906 367.089203 -139.728699 3.085271 -0.027079 0.029124 0.348468 0.936477
1743057015.597595 372.014679 -134.915756 2.630141 -0.030921 0.025740 0.361770 0.931399
1743057016.597617 376.491364 -130.375244 2.242990 -0.027574 0.029224 0.365770 0.929838
1743057017.664372 381.233551 -125.765335 1.851834 -0.026867 0.030495 0.363092 0.930867
1743057018.697755 385.876648 -121.252480 1.447728 -0.024393 0.029238 0.365655 0.929971
1743057019.731113 390.303467 -116.644127 1.074404 -0.027220 0.024916 0.379717 0.924366
1743057020.764486 394.520630 -112.113518 0.698894 -0.034114 0.021671 0.394685 0.917927
1743057021.830987 398.724121 -107.150551 0.212571 -0.045815 0.018282 0.418718 0.906776
1743057022.864357 402.222046 -102.265907 -0.252628 -0.042346 0.019061 0.459916 0.886747
1743057023.864611 405.035034 -97.466072 -0.634134 -0.042593 0.013071 0.503896 0.862615
1743057024.931112 407.282623 -91.986557 -1.038191 -0.041045 0.013518 0.549405 0.834438
1743057025.964489 408.732758 -86.817207 -1.431282 -0.043953 0.010970 0.568138 0.821685
1743057027.031432 410.096405 -81.357422 -1.783568 -0.053829 0.014797 0.593525 0.802877
1743057028.131240 411.351746 -75.806450 -2.184623 -0.057472 0.015757 0.609057 0.790884
1743057029.164735 412.469299 -70.351921 -2.591922 -0.051631 0.015334 0.615849 0.786021
1743057030.264611 413.643524 -64.631989 -2.933035 -0.048444 0.020284 0.621849 0.781374
1743057031.331482 415.032562 -58.820507 -3.371079 -0.043102 0.022176 0.611935 0.789421
1743057032.398233 416.335022 -52.810810 -3.804267 -0.037129 0.022836 0.611632 0.789941
1743057033.398236 417.664490 -47.060177 -4.260118 -0.036759 0.027907 0.601971 0.797183
1743057034.464992 418.974396 -40.710857 -4.719421 -0.034384 0.032469 0.600339 0.798346
1743057035.564985 420.517334 -34.088383 -5.320664 -0.042261 0.027257 0.604338 0.795140
1743057036.598376 421.077118 -27.698677 -6.010956 -0.035843 0.026858 0.594496 0.802850
1743057037.665118 421.525604 -21.559605 -6.787893 -0.023636 0.019842 0.594804 0.803278
1743057038.765109 422.191376 -15.395121 -7.223292 -0.010444 0.029346 0.602610 0.797428
1743057039.831912 422.813934 -9.292747 -7.704188 -0.004379 0.026819 0.599009 0.800281
1743057040.965240 423.906281 -3.139341 -8.063724 -0.008993 0.020000 0.600531 0.799301
1743057042.031751 424.150635 3.069237 -8.258554 -0.006058 0.033191 0.592848 0.804608
1743057043.031992 425.684387 9.437579 -8.611607 -0.003524 0.029340 0.610532 0.791440
1743057044.065381 427.060669 16.420498 -8.891910 -0.005142 0.027943 0.623789 0.781076
1743057045.131881 428.390015 23.921137 -9.187674 -0.013454 0.028522 0.641253 0.766681
1743057046.198738 429.346069 31.540203 -9.508114 -0.011614 0.027183 0.654639 0.755363
1743057047.198755 430.191895 39.099445 -9.868779 -0.012530 0.029867 0.664481 0.746603
1743057048.332096 430.909149 47.501881 -10.297736 -0.008599 0.035238 0.669529 0.741899
1743057049.365541 431.535126 55.125736 -10.628447 -0.008219 0.033357 0.669836 0.741714
1743057050.398836 432.206085 63.035637 -11.016415 -0.003691 0.039635 0.667005 0.743989
1743057051.498954 432.817932 71.558540 -11.463452 -0.007753 0.038404 0.667247 0.743806
1743057052.498986 433.136658 79.432732 -11.939361 -0.011672 0.037606 0.668369 0.742787
1743057053.532358 433.605408 87.369591 -12.333700 -0.006291 0.041492 0.668552 0.742480
1743057054.598860 434.056671 95.528679 -12.800902 -0.011234 0.044295 0.659745 0.750099
1743057055.665736 435.215851 103.684975 -13.382774 -0.003684 0.045963 0.616216 0.786227
1743057056.732507 437.713562 110.912560 -14.058619 0.011412 0.062991 0.544897 0.836055
1743057057.832472 442.123657 117.651382 -14.694296 0.022522 0.051490 0.438298 0.897071
1743057058.899250 447.699280 123.207642 -15.237291 0.016611 0.046783 0.343297 0.937914
1743057059.932608 454.031891 127.441757 -15.837293 0.011547 0.046542 0.255689 0.965569
1743057060.932639 460.934387 130.712906 -16.475344 -0.002529 0.040866 0.203398 0.978240
1743057062.032604 468.754456 133.968796 -17.012810 -0.010740 0.026300 0.183102 0.982683
1743057063.099377 476.486633 137.135239 -17.478001 -0.021937 0.026809 0.188689 0.981426
1743057064.199363 484.220795 140.828461 -18.002493 -0.030067 0.027593 0.218678 0.974943
1743057065.232758 491.416504 145.242798 -18.561005 -0.022012 0.029038 0.267212 0.962949
1743057066.266128 498.258881 150.448715 -19.128338 -0.019270 0.030707 0.328844 0.943688
1743057067.299498 503.965454 156.313675 -19.628868 -0.029227 0.032188 0.394810 0.917734
1743057068.366224 509.129608 163.472610 -20.237558 -0.023961 0.025552 0.457810 0.888360
1743057069.399638 513.272278 170.630188 -20.647768 -0.013435 0.020951 0.502756 0.864070
1743057070.432985 516.597107 178.034760 -21.002108 -0.011633 0.022607 0.529727 0.847787
1743057071.499483 519.055603 185.168274 -21.229782 0.000661 0.020388 0.526792 0.849749
1743057072.566369 522.086975 192.417587 -21.492905 -0.005170 0.020326 0.523296 0.851893
1743057073.666484 525.457092 199.968475 -21.730066 -0.011744 0.019779 0.521941 0.852672
1743057074.699636 528.642883 207.318375 -21.918539 -0.012022 0.021418 0.519174 0.854315
1743057075.732989 531.931885 214.695465 -22.165720 -0.006127 0.007602 0.517989 0.855332
1743057076.732991 535.067261 221.489944 -22.167513 0.000382 -0.005871 0.515845 0.856662
1743057077.733256 538.124634 227.897598 -22.150457 0.006685 0.001097 0.513623 0.857989
1743057078.733288 541.072754 233.860886 -22.105900 0.001380 -0.000248 0.513707 0.857965
1743057079.833118 544.289185 240.420166 -22.088924 0.003448 -0.001906 0.518424 0.855114
1743057080.899993 547.161682 246.835526 -22.056423 0.005609 -0.000832 0.522948 0.852346
1743057081.966733 550.107910 253.250488 -21.988554 0.014429 0.003590 0.498161 0.866957
1743057083.033871 553.687256 258.971405 -21.975210 0.030440 0.010827 0.453099 0.890875
1743057084.133488 558.070557 263.998871 -21.956242 0.041345 0.015689 0.389575 0.919933
1743057085.199978 562.838135 268.367645 -21.990330 0.049630 0.021102 0.318894 0.946255
1743057086.233357 567.781860 271.887726 -21.983339 0.038581 0.003869 0.259867 0.964866
1743057087.266750 572.894348 274.880554 -22.065336 0.032708 0.005777 0.203038 0.978607
1743057088.267007 577.885681 277.285034 -22.069626 0.026567 0.003540 0.173037 0.984551
1743057089.367029 583.123596 279.448059 -21.957979 0.024065 -0.000515 0.158578 0.987053
1743057090.400354 588.289062 281.392181 -21.902529 0.021208 0.000254 0.148673 0.988659
1743057091.466892 593.424072 283.109467 -21.812773 0.020430 -0.002303 0.146189 0.989043
1743057092.500258 597.911255 284.653809 -21.738331 0.018405 -0.002031 0.135775 0.990567
1743057093.567110 602.035461 286.012726 -21.716934 0.017742 -0.001845 0.125221 0.991969
1743057094.600487 605.547485 287.155182 -21.676189 0.015079 -0.003785 0.128085 0.991641
1743057095.733856 609.151611 288.341400 -21.707836 0.009361 -0.008455 0.126717 0.991859
1743057096.833746 612.710754 289.421417 -21.679745 0.008201 -0.010331 0.122813 0.992342
1743057097.933995 616.669800 290.539337 -21.546795 0.004577 -0.011889 0.117160 0.993031
1743057098.968629 620.714661 291.698608 -21.382473 0.006743 -0.008291 0.105761 0.994334
1743057100.100743 625.654480 293.002808 -21.300745 0.009673 -0.006543 0.097696 0.995148
1743057101.200744 631.068726 294.297058 -21.248116 0.013176 -0.011522 0.088914 0.995885
1743057102.267491 636.851624 295.663910 -21.076887 0.018890 -0.017097 0.078919 0.996555
1743057103.333975 642.519897 296.887421 -20.864487 0.016622 -0.013984 0.076015 0.996870
1743057104.334264 647.918396 298.054993 -20.728727 0.016772 -0.013265 0.068328 0.997434
1743057105.400748 653.996704 299.068512 -20.585094 0.024838 -0.006231 0.051013 0.998370
1743057106.501034 660.362366 299.835663 -20.423632 0.024143 -0.000318 0.031862 0.999201
1743057107.534374 666.277893 300.336395 -20.353302 0.022008 -0.004709 0.018202 0.999581
1743057108.567615 672.251099 300.874023 -20.312592 0.016170 -0.006836 0.003401 0.999840
1743057109.600854 678.234436 301.004303 -20.126118 0.016218 -0.005414 -0.009554 0.999808
1743057110.634254 684.164734 301.132568 -20.035357 0.018849 -0.004697 -0.014379 0.999708
1743057111.701149 690.278687 301.271484 -19.876007 0.023128 -0.003750 -0.016338 0.999592
1743057112.800975 696.568848 301.358246 -19.766430 0.024599 -0.003227 -0.021610 0.999459
1743057113.901243 702.891296 301.301331 -19.715002 0.018970 -0.000537 -0.025262 0.999501
1743057114.901266 708.474304 301.289093 -19.686756 0.019911 -0.001371 -0.017555 0.999647
1743057116.001119 714.379272 301.406891 -19.644949 0.015863 -0.001400 -0.011461 0.999808
1743057117.101348 719.769653 301.660156 -19.561714 0.014743 0.002853 -0.005219 0.999874
1743057118.201398 724.337585 301.892059 -19.550272 0.011896 0.008388 0.004984 0.999882
1743057119.234762 727.962463 302.164124 -19.594006 0.008336 0.003484 0.012191 0.999885
1743057120.301491 731.093811 302.536499 -19.594501 0.003955 0.004547 0.024885 0.999672
1743057121.334869 733.568298 302.907318 -19.713118 -0.004001 0.001004 0.042602 0.999084
1743057122.434853 735.127686 303.197784 -19.707092 -0.010233 0.002982 0.059045 0.998198
1743057123.501614 735.688232 303.311005 -19.737829 -0.012327 0.002461 0.063699 0.997890
1743057127.868487 735.596680 303.270386 -19.690117 -0.016577 0.010066 0.012753 0.999731
1743057152.736081 736.243469 303.412018 -19.769152 -0.015995 -0.000196 0.058969 0.998132
1743057153.835996 737.917542 303.823517 -19.871235 -0.020489 0.000901 0.072008 0.997193
1743057154.902737 740.823914 304.555756 -19.949938 -0.021227 0.005527 0.114328 0.993201
1743057155.936105 744.469666 306.136383 -20.042395 -0.022955 0.008229 0.163221 0.986288
1743057157.002607 748.532349 308.322021 -20.198872 -0.025289 0.003659 0.214856 0.976312
1743057160.969620 760.990967 320.863831 -20.643810 -0.014057 0.000491 0.451330 0.892246
1743057162.002999 763.141296 325.448853 -20.689472 -0.008967 -0.004144 0.478582 0.877987
1743057163.036388 764.997559 330.116272 -20.715931 -0.010713 -0.004879 0.483016 0.875533
1743057164.103004 767.215088 334.162842 -20.725706 -0.013462 -0.002484 0.446948 0.894455
1743057165.136238 769.777649 337.543427 -20.765825 -0.018165 -0.003804 0.376275 0.926322
1743057166.136504 772.646729 339.954407 -20.693962 -0.024460 0.000222 0.300396 0.953501
1743057167.170091 776.028381 341.802826 -20.650190 -0.021781 0.006470 0.204267 0.978652
1743057168.236385 779.876526 342.634216 -20.807558 -0.008360 -0.014522 0.085177 0.996225
1743057169.303250 783.582642 342.805023 -20.715847 -0.015969 -0.010614 0.005023 0.999804
1743057170.336617 787.221558 342.498444 -20.756378 -0.025003 -0.011669 -0.054392 0.998138
1743057171.436554 791.194763 341.896667 -20.672251 -0.035092 -0.011004 -0.090101 0.995253
1743057172.469880 794.731140 341.265045 -20.521887 -0.040555 -0.006717 -0.099452 0.994193
1743057173.536760 798.174927 340.726868 -20.530718 -0.042347 -0.009263 -0.100922 0.993950
1743057174.603485 801.565247 340.112457 -20.527969 -0.043185 -0.002852 -0.096402 0.994401
1743057175.636848 805.105957 339.507355 -20.443588 -0.042128 -0.012188 -0.096455 0.994371
1743057176.670118 808.864136 338.758331 -20.373838 -0.033797 -0.014536 -0.091928 0.995086
1743057177.670222 812.749329 338.113647 -20.242331 -0.035398 -0.014089 -0.089446 0.995263
1743057178.670230 816.670715 337.440582 -20.133413 -0.039024 -0.014814 -0.087519 0.995288
1743057179.736988 820.843872 336.827209 -20.008928 -0.039168 -0.018572 -0.092792 0.994741
1743057180.803483 824.832336 336.127319 -19.809431 -0.031307 -0.015962 -0.089828 0.995337
1743057181.870386 829.025024 335.443970 -19.728476 -0.028783 -0.019423 -0.085101 0.995767
1743057182.937141 833.107300 334.889221 -19.538464 -0.031128 -0.018775 -0.079058 0.996207
1743057184.003602 837.386902 334.342255 -19.376904 -0.035203 -0.015801 -0.074163 0.996499
1743057185.036987 841.530640 333.878296 -19.245964 -0.029598 -0.013499 -0.068753 0.997103
1743057186.037257 845.385437 333.279938 -19.089088 -0.025277 -0.009656 -0.062224 0.997695
1743057187.137248 849.470398 332.679077 -19.071579 -0.028863 -0.010924 -0.052096 0.998165
1743057188.237109 853.330078 332.351288 -19.098795 -0.021574 -0.011299 -0.050432 0.998430
1743057189.237401 856.690002 332.183502 -19.060772 -0.026206 -0.013318 -0.051541 0.998238
1743057190.337370 860.039062 332.039856 -18.990450 -0.028298 -0.011710 -0.046574 0.998445
1743057191.437246 863.307312 331.798218 -18.954353 -0.035744 -0.009884 -0.042776 0.998396
1743057192.504126 866.672485 331.434204 -18.930580 -0.036401 -0.014504 -0.050453 0.997958
1743057193.604172 870.301086 331.135406 -18.855766 -0.022897 -0.031876 -0.058220 0.997532
1743057194.737526 873.923401 330.796234 -18.780960 -0.013015 -0.030497 -0.054076 0.997986
1743057195.737661 877.266541 330.627197 -18.695547 -0.013317 -0.026093 -0.054736 0.998071
1743057196.837625 881.270935 330.349640 -18.562408 -0.005030 -0.026041 -0.054387 0.998168
1743057197.937617 885.600525 329.925354 -18.415123 -0.005707 -0.023825 -0.050288 0.998434
1743057199.004352 889.736572 329.670502 -18.219511 -0.001612 -0.029128 -0.051994 0.998221
1743057200.004409 893.553894 329.454620 -18.032284 -0.004243 -0.019863 -0.054840 0.998289
1743057201.037772 897.564209 329.124542 -17.836540 0.002151 -0.022676 -0.055248 0.998213
1743057202.137632 901.922363 328.877960 -17.732584 0.007512 -0.032409 -0.061624 0.997545
1743057203.137868 905.528503 328.613190 -17.499025 0.007437 -0.027035 -0.066532 0.997390
1743057204.137925 908.438477 328.356354 -17.416897 0.016323 -0.032106 -0.069557 0.996928
1743057205.271252 911.029724 328.078217 -17.266027 0.009125 -0.032406 -0.071252 0.996890
1743057206.371118 912.903625 327.871552 -17.134542 0.009482 -0.031869 -0.071265 0.996903
1743057207.437974 914.439453 327.756897 -17.086332 0.007595 -0.031506 -0.073304 0.996783
1743057208.537856 916.288330 327.583710 -16.982414 0.004551 -0.028080 -0.078596 0.996501
1743057209.571245 918.424194 327.339355 -16.863047 0.002335 -0.027041 -0.083467 0.996141
1743057210.671360 920.917664 326.987701 -16.757179 0.002452 -0.028746 -0.085673 0.995906
1743057211.671495 923.262573 326.583221 -16.675797 0.009027 -0.023988 -0.085740 0.995988
1743057212.704911 925.877502 326.143860 -16.561346 0.010434 -0.026517 -0.087045 0.995797
1743057213.738229 928.849487 325.841339 -16.481823 0.013926 -0.024816 -0.084145 0.996047
1743057214.838247 932.379517 325.308258 -16.377888 0.013812 -0.028629 -0.077849 0.996458
1743057215.938112 936.299255 324.808258 -16.149193 0.012625 -0.028427 -0.075793 0.996638
1743057216.938361 940.243347 324.469269 -15.898195 0.011843 -0.027220 -0.083871 0.996034
1743057217.939613 944.312134 323.779846 -15.806419 0.018488 -0.028943 -0.092067 0.995160
1743057219.038243 949.058350 322.997589 -15.576465 0.020439 -0.031054 -0.097475 0.994543
1743057220.138461 953.817261 322.153839 -15.386399 0.016002 -0.032386 -0.100004 0.994331
1743057221.238498 958.588013 321.361786 -15.157720 0.014777 -0.032949 -0.098762 0.994456
1743057222.338492 963.308167 320.647827 -14.828917 0.013241 -0.027723 -0.104206 0.994081
1743057223.405281 967.880615 319.734039 -14.727571 0.013702 -0.030762 -0.101080 0.994308
1743057224.471992 972.620667 318.975403 -14.442209 0.010261 -0.033617 -0.104443 0.993910
1743057225.538489 977.394104 318.164856 -14.174964 0.015955 -0.029177 -0.103038 0.994121
1743057226.571986 981.667664 317.266113 -13.923077 0.015973 -0.029302 -0.098098 0.994617
1743057227.638732 986.346191 316.519684 -13.679310 0.016548 -0.029106 -0.096183 0.994800
1743057228.672109 991.046082 315.800476 -13.461115 0.018267 -0.027184 -0.098980 0.994550
1743057229.738692 995.920715 315.019043 -13.171999 0.009804 -0.028176 -0.099044 0.994636
1743057230.772007 1000.751465 314.263306 -12.955397 0.014385 -0.027752 -0.099343 0.994562
1743057231.772239 1005.121765 313.519531 -12.797809 0.014664 -0.023226 -0.100779 0.994530
1743057232.772242 1008.952087 313.003998 -12.584044 0.012931 -0.029083 -0.101634 0.994313
1743057233.872112 1012.391602 312.966217 -12.433527 0.011543 -0.027796 -0.116175 0.992773
1743057234.872354 1014.725647 312.611023 -12.359159 0.010434 -0.031381 -0.119177 0.992322
1743057235.905722 1016.545654 312.190765 -12.292806 0.008861 -0.034024 -0.117215 0.992484
1743057236.972242 1018.143066 311.944244 -12.095428 0.012684 -0.032303 -0.124680 0.991590
1743057237.972360 1019.928711 311.650085 -11.966022 0.009186 -0.036293 -0.128574 0.990993
1743057239.039123 1022.073364 311.233124 -11.754284 0.011802 -0.032176 -0.129585 0.990976
1743057240.239120 1024.917847 310.906097 -11.607868 0.017567 -0.032973 -0.135768 0.990036
1743057241.305870 1027.734253 310.482727 -11.456164 0.022785 -0.038412 -0.143078 0.988703
1743057242.372977 1030.732788 309.728058 -11.258290 0.025590 -0.040230 -0.145966 0.988140
1743057243.439147 1033.673584 308.965546 -11.101965 0.024428 -0.039494 -0.145862 0.988214
1743057244.506015 1035.988525 308.266357 -10.963119 0.021180 -0.039130 -0.145717 0.988325
1743057245.539525 1037.883789 307.759735 -10.790547 0.021846 -0.039951 -0.145927 0.988247
1743057246.639258 1039.351318 307.278076 -10.653992 0.024905 -0.039052 -0.142360 0.988731
1743057247.639481 1040.383667 307.003967 -10.589458 0.025964 -0.039696 -0.140265 0.988977
1743057248.672861 1041.324463 306.753326 -10.530695 0.020117 -0.042605 -0.139023 0.989168
1743057249.739358 1042.556152 306.427612 -10.417085 0.020083 -0.039726 -0.136298 0.989667
1743057250.839595 1044.212158 305.957031 -10.300452 0.022048 -0.040281 -0.129847 0.990470
1743057251.872998 1046.401123 305.499084 -10.133398 0.012202 -0.042368 -0.122995 0.991427
1743057252.873106 1049.006836 304.863281 -9.984061 0.010401 -0.041168 -0.116778 0.992250
1743057253.972865 1052.403931 304.017181 -9.735186 0.010380 -0.043584 -0.111605 0.992742
1743057255.072980 1056.376465 303.199982 -9.532377 0.015179 -0.047071 -0.111225 0.992564
1743057256.073127 1060.329224 302.539398 -9.234050 0.009740 -0.052776 -0.110909 0.992380
1743057257.073222 1064.239136 301.754272 -8.907597 0.019389 -0.050028 -0.102467 0.993288
1743057258.206528 1068.426025 301.051025 -8.519221 0.018788 -0.049006 -0.085978 0.994914
1743057259.273235 1072.538574 300.539307 -8.215248 0.012999 -0.050532 -0.087505 0.994797
1743057260.339760 1076.900146 299.931213 -7.858387 0.021469 -0.041619 -0.101286 0.993755
1743057261.440000 1082.038818 299.208252 -7.401567 0.019813 -0.045791 -0.108629 0.992830
1743057262.473360 1087.137573 298.386505 -6.956014 0.019214 -0.050375 -0.105737 0.992931
1743057263.573383 1092.841187 297.420135 -6.433230 0.021377 -0.042894 -0.103095 0.993516
1743057264.640143 1098.712524 296.241516 -6.037528 0.021186 -0.042413 -0.102333 0.993620
1743057265.706610 1104.777222 295.106201 -5.473919 0.020062 -0.033777 -0.103317 0.993872
1743057266.706854 1110.883179 293.980774 -5.155253 0.015225 -0.032704 -0.103845 0.993939
1743057267.706901 1116.844482 292.871826 -4.814400 0.015621 -0.020298 -0.102123 0.994442
1743057268.840244 1123.666992 291.668579 -4.666250 0.020084 -0.018690 -0.098946 0.994715
1743057269.873628 1130.159790 290.705841 -4.547009 0.023235 -0.019913 -0.105048 0.993996
1743057270.907000 1136.773438 289.400543 -4.360247 0.018544 -0.016021 -0.115446 0.993011
1743057271.940349 1143.387573 288.175537 -4.191949 0.014151 -0.017754 -0.121225 0.992365
1743057273.006871 1150.032349 286.736053 -3.995586 0.017731 -0.018269 -0.120059 0.992440
1743057274.007160 1156.315796 285.263000 -3.736320 0.004855 -0.010412 -0.127011 0.991835
1743057275.073607 1163.478027 283.559814 -3.627127 0.014411 -0.014113 -0.154266 0.987823
1743057276.107233 1169.874634 281.238434 -3.548059 0.015744 -0.016245 -0.198143 0.979912
1743057277.240363 1176.926514 278.033691 -3.280344 0.018216 -0.019076 -0.254566 0.966696
1743057278.307247 1182.680786 274.358734 -3.140680 0.014426 -0.017022 -0.302247 0.952969
1743057279.374050 1188.292480 270.245575 -2.949414 0.004892 -0.014103 -0.337726 0.941126
1743057280.407344 1193.764160 265.886139 -2.749788 -0.000425 -0.013550 -0.352800 0.935601
1743057281.473866 1199.624512 261.262512 -2.532835 -0.001177 -0.019319 -0.359308 0.933018
1743057282.574123 1205.501221 256.259186 -2.322312 -0.000380 -0.016797 -0.372231 0.927988
1743057283.607507 1210.807495 251.445374 -2.138732 0.000153 -0.017754 -0.378828 0.925297
1743057284.673992 1216.652100 246.382828 -1.920874 0.002139 -0.018625 -0.379527 0.924991
1743057285.674112 1222.108154 241.549866 -1.669977 -0.002548 -0.014208 -0.378437 0.925515
1743057286.740849 1227.991455 236.474640 -1.490913 -0.008183 -0.012953 -0.375741 0.926598
1743057287.907628 1234.267456 230.874985 -1.190587 -0.006264 -0.016614 -0.380405 0.924650
1743057289.007626 1239.842773 225.759399 -0.930618 -0.009199 -0.010458 -0.382466 0.923865
1743057290.174351 1245.619751 220.592361 -0.724021 -0.007398 -0.013878 -0.380537 0.924632
1743057291.174372 1250.482178 216.141266 -0.539021 -0.010299 -0.013190 -0.379860 0.924892
1743057292.241097 1256.001831 211.251328 -0.323996 -0.011669 -0.008903 -0.379908 0.924908
1743057293.341131 1261.421997 206.501221 -0.224344 -0.005361 -0.012956 -0.380242 0.924781
1743057294.374489 1266.380005 202.166626 -0.053908 -0.005406 -0.009433 -0.383172 0.923613
1743057295.474366 1271.760498 197.304459 0.092316 -0.003915 -0.009948 -0.390205 0.920666
1743057296.474607 1276.283081 193.022736 0.199780 -0.006339 -0.007991 -0.396468 0.917992
1743057297.541119 1280.851929 188.868530 0.189396 -0.002242 -0.013177 -0.398726 0.916973
1743057298.641366 1285.165771 184.785736 0.357489 -0.006011 -0.015820 -0.398440 0.917038
1743057299.807871 1289.692627 180.374741 0.540858 -0.003658 -0.015686 -0.400064 0.916345
1743057300.974748 1294.522339 175.773468 0.666644 0.002020 -0.019803 -0.406478 0.913444
1743057302.041479 1298.905396 171.445908 0.860170 0.004755 -0.017663 -0.404533 0.914340
1743057303.041494 1302.845459 167.414734 1.107923 0.008814 -0.023603 -0.402385 0.915124
1743057304.074854 1307.146973 163.098862 1.332359 0.006484 -0.028646 -0.404237 0.914183
1743057305.208235 1312.104370 158.344543 1.634625 0.005589 -0.018207 -0.399280 0.916631
1743057306.241618 1316.567871 154.087784 1.816539 0.000297 -0.016986 -0.400633 0.916081
1743057307.374988 1321.108398 149.485413 1.975031 0.006427 -0.017535 -0.402184 0.915368
1743057308.474853 1325.265137 145.213120 2.174791 0.009424 -0.021500 -0.405432 0.913824
1743057309.474995 1328.901123 141.503387 2.328852 0.007693 -0.019751 -0.402777 0.915053
1743057310.541813 1332.893677 137.625214 2.510333 0.006824 -0.018009 -0.396560 0.917807
1743057311.575121 1336.696289 133.994537 2.657219 0.007891 -0.021569 -0.395427 0.918210
1743057312.708483 1340.786499 130.005463 2.867062 0.014206 -0.021335 -0.410641 0.911437
1743057313.808371 1344.740234 126.397820 2.982121 0.016849 -0.027147 -0.412140 0.910560
1743057314.841733 1348.512817 122.920998 3.140946 0.021656 -0.029996 -0.413923 0.909560
1743057316.042014 1352.644531 118.716774 3.397397 0.020502 -0.030666 -0.411078 0.910854
1743057317.208499 1356.803955 114.431412 3.566236 0.025841 -0.033112 -0.402422 0.914490
1743057318.241905 1361.015259 110.452209 3.755804 0.024777 -0.038274 -0.405711 0.912864
1743057319.308734 1365.268921 106.144203 4.090946 0.016363 -0.042724 -0.413987 0.909132
1743057320.375511 1369.754028 101.583733 4.606543 0.008445 -0.051851 -0.423516 0.904364
1743057321.542152 1374.464844 96.448845 5.162186 0.004836 -0.050386 -0.429667 0.901567
1743057322.542255 1378.485107 91.858612 5.651116 0.010181 -0.046929 -0.426586 0.903171
1743057323.608729 1382.864990 86.973305 6.130816 0.015429 -0.049740 -0.430413 0.901128
1743057324.675620 1387.408447 81.802536 6.712676 0.012843 -0.043191 -0.430467 0.901481
1743057325.742359 1392.066650 76.515511 7.157065 0.020656 -0.042228 -0.422678 0.905060
1743057326.775724 1396.768311 71.405006 7.607515 0.019200 -0.045651 -0.422688 0.904921
1743057327.809128 1401.340088 66.185356 8.116546 0.017162 -0.044142 -0.420270 0.906162
1743057328.875603 1406.346313 60.727970 8.650091 0.006793 -0.047805 -0.419846 0.906310
1743057329.908997 1411.055176 55.502304 9.133720 0.008507 -0.040614 -0.417123 0.907902
1743057330.975862 1416.010986 50.111130 9.697227 0.014591 -0.050104 -0.414630 0.908493
1743057332.042364 1421.199585 44.552254 10.280320 0.017197 -0.052959 -0.415740 0.907777
1743057333.042624 1425.903076 39.331387 10.887620 0.008821 -0.051019 -0.415803 0.907980
1743057334.075994 1430.603638 34.197418 11.407895 0.014890 -0.043925 -0.413032 0.909535
1743057335.209352 1434.413086 30.068312 11.817922 0.016595 -0.039876 -0.412185 0.910076
1743057336.209369 1436.470337 27.865019 12.007832 0.014335 -0.046155 -0.412799 0.909539
1743057337.276113 1437.786987 26.395214 12.181923 0.011433 -0.042366 -0.412719 0.909801
1743057338.309494 1438.657471 25.443552 12.264268 0.009344 -0.039831 -0.410986 0.910723
1743057339.309506 1439.499023 24.558954 12.361467 0.006588 -0.042331 -0.409787 0.911174
1743057340.342854 1440.862915 23.212696 12.453283 0.005328 -0.040992 -0.411732 0.910367
1743057341.376267 1442.543335 21.305561 12.601819 0.006155 -0.038230 -0.409166 0.911638
1743057342.509613 1444.989990 18.732761 12.814474 0.001938 -0.040118 -0.408099 0.912054
1743057343.543014 1447.515869 15.984786 13.047217 0.003960 -0.043944 -0.405007 0.913248
1743057344.576368 1450.458496 13.049541 13.377192 0.004753 -0.046262 -0.405691 0.912826
1743057345.609794 1453.531494 10.003516 13.685331 0.005180 -0.051553 -0.398356 0.915766
1743057346.743127 1456.907959 6.739057 14.061260 -0.001984 -0.047284 -0.398591 0.915907
1743057347.809620 1460.278687 3.405931 14.414405 0.005145 -0.047756 -0.399965 0.915271
1743057348.876464 1463.676147 -0.074717 14.717780 0.012402 -0.037897 -0.398831 0.916157
1743057349.976393 1466.998169 -3.457160 14.981175 0.013662 -0.028953 -0.400496 0.915739
1743057350.976638 1469.682495 -6.217035 15.135949 0.012964 -0.026525 -0.409759 0.911716
1743057352.076623 1472.105713 -8.830509 15.292701 0.016361 -0.026865 -0.410312 0.911403
1743057353.176481 1474.642334 -11.440914 15.414988 0.021193 -0.022969 -0.397779 0.916949
1743057354.243374 1477.400635 -14.216664 15.407534 0.024079 -0.031685 -0.389674 0.920093
1743057355.276744 1480.627686 -17.281929 15.550183 0.025316 -0.029034 -0.393548 0.918497
1743057356.276845 1483.935425 -20.552313 15.713564 0.021895 -0.031622 -0.389644 0.920162
1743057357.309992 1487.672485 -24.166130 15.886210 0.019318 -0.029821 -0.383034 0.923051
1743057358.310256 1491.475342 -27.770449 16.041763 0.015432 -0.029406 -0.378963 0.924816
1743057359.410259 1495.723633 -31.820513 16.228071 0.019429 -0.023771 -0.383728 0.922936
1743057360.443639 1499.623657 -35.598469 16.474680 0.017499 -0.030531 -0.390852 0.919780
1743057361.476988 1503.548584 -39.418163 16.678881 0.016640 -0.024326 -0.387671 0.921327
1743057362.477004 1507.294678 -43.102242 16.836485 0.016520 -0.018027 -0.385338 0.922452
1743057363.576890 1511.117065 -46.855824 17.032591 0.012466 -0.027493 -0.382655 0.923398
1743057364.643742 1514.744995 -50.252831 17.220966 0.016676 -0.026443 -0.384095 0.922764
1743057365.743618 1518.319702 -53.683437 17.411915 0.013707 -0.027439 -0.385919 0.922023
1743057366.777091 1521.496948 -56.906986 17.579916 0.014511 -0.026341 -0.391105 0.919855
1743057367.777233 1524.632935 -59.753654 17.731674 0.015059 -0.026580 -0.388822 0.920806
1743057368.777723 1527.644165 -62.738705 17.875696 0.014740 -0.024358 -0.385183 0.922401
1743057369.810608 1530.921753 -65.749481 17.980494 0.016603 -0.024161 -0.380130 0.924468
1743057370.910489 1534.356445 -68.908585 18.136160 0.014974 -0.020290 -0.386498 0.921946
1743057371.910750 1537.047974 -71.719849 18.237600 0.017530 -0.021153 -0.388751 0.920933
1743057372.977243 1539.882812 -74.490967 18.356514 0.013683 -0.025616 -0.394654 0.918371
1743057374.010607 1542.184082 -77.014236 18.425854 0.009461 -0.018474 -0.415660 0.909283
1743057375.010777 1543.764404 -79.321884 18.501886 0.021831 -0.018616 -0.473495 0.880329
1743057376.043998 1544.636353 -81.816391 18.498230 0.031621 -0.024895 -0.568878 0.821437
1743057377.044236 1544.693115 -84.164886 18.428514 0.034539 -0.016500 -0.664911 0.745941
1743057378.077633 1544.282593 -86.061401 18.301441 0.028928 -0.023914 -0.746016 0.664870
1743057379.110999 1543.643555 -87.493759 18.297823 0.027582 -0.008986 -0.800765 0.598275
1743057380.181622 1542.766968 -88.957870 18.276951 0.017988 -0.011574 -0.845524 0.533508
1743057381.244349 1541.566772 -90.740921 18.154652 -0.026103 0.006923 0.873744 -0.485635
1743057382.277725 1540.100830 -92.914780 18.080439 0.001082 0.004163 0.891350 -0.453295
1743057383.377614 1538.248047 -95.058693 18.202520 0.033297 0.025841 0.908745 -0.415219
1743057384.444488 1536.843018 -96.483360 18.298124 0.030603 0.027077 0.920341 -0.388976
1743057385.544368 1535.901733 -97.276146 18.403973 0.031305 0.026320 0.927113 -0.372545
1743057386.544764 1535.540039 -97.661354 18.435881 0.028657 0.023471 0.929827 -0.366127
1743057390.777969 1535.367676 -97.785034 18.451912 0.031841 0.024046 0.928874 -0.368240
1743057391.811235 1534.924683 -98.277039 18.466051 0.028175 0.018183 0.924740 -0.379120
1743057392.844666 1534.200562 -99.038429 18.487625 0.014656 0.017050 0.922466 -0.385422
1743057393.911505 1533.161133 -100.119438 18.576694 0.012489 0.007795 0.931727 -0.362861
1743057394.978264 1531.690552 -100.848808 18.537756 0.014985 0.014564 0.954751 -0.296673
1743057395.978294 1530.280884 -101.425972 18.602407 0.014443 0.012020 0.976834 -0.213171
1743057397.078116 1528.344116 -101.347672 18.537100 0.004573 0.000071 0.995360 -0.096109
1743057398.078363 1526.373047 -100.914474 18.579967 -0.007867 -0.007966 0.998698 0.049766
1743057399.078417 1524.004883 -99.950874 18.484753 -0.005696 -0.007825 0.985081 0.171818
1743057400.178257 1521.286133 -98.181725 18.405603 -0.005114 -0.012583 0.959221 0.282331
1743057401.211627 1518.563110 -95.827652 18.363165 -0.000272 -0.012623 0.937558 0.347601
1743057402.278475 1515.553955 -93.065041 18.296066 0.005221 -0.007823 0.936061 0.351711
1743057403.345243 1512.361450 -90.405937 18.313616 0.001759 -0.004843 0.935903 0.352221
1743057404.445232 1509.081177 -87.683739 18.309839 -0.002023 -0.007541 0.936334 0.351023
1743057405.511888 1505.971924 -85.046860 18.262844 0.004591 -0.010857 0.936410 0.350709
1743057406.578529 1502.999512 -82.551949 18.245909 0.007640 -0.007897 0.935744 0.352508
1743057407.645373 1499.949463 -80.043114 18.278763 0.007110 -0.009218 0.935912 0.352041
1743057408.678765 1497.091064 -77.686127 18.390915 0.006624 -0.010652 0.935590 0.352865
1743057409.812119 1494.100098 -74.893089 18.401728 0.005675 -0.005416 0.934525 0.355812
1743057410.845489 1491.306274 -72.404442 18.443573 0.008134 -0.007650 0.935007 0.354452
1743057411.845493 1488.528442 -70.176636 18.520498 0.004540 -0.006987 0.934642 0.355492
1743057412.945372 1485.603271 -67.713867 18.136959 -0.047450 0.013565 0.933067 0.356300
1743057413.945627 1482.554688 -65.188606 17.706188 -0.046900 0.012496 0.932269 0.358495
1743057415.012118 1479.002075 -62.203892 17.281822 -0.044273 0.018404 0.932385 0.358273
1743057416.078991 1475.485840 -59.232956 16.897842 -0.037635 0.013124 0.934049 0.354914
1743057417.145734 1471.914185 -56.319160 16.956945 0.009263 -0.001645 0.936035 0.351781
1743057418.145853 1468.808472 -53.909893 17.071608 0.011836 -0.003586 0.935621 0.352790
1743057419.212503 1465.611694 -51.147854 17.105989 0.010386 -0.005969 0.932059 0.362107
1743057420.278969 1462.739380 -48.569489 17.310789 0.007833 0.001475 0.928626 0.370932
1743057421.312362 1460.124756 -46.293858 17.197775 0.008058 0.004652 0.924125 0.381976
1743057422.379247 1457.606445 -43.715195 17.308203 0.005349 0.006186 0.925154 0.379504
1743057423.479108 1454.954712 -41.488087 17.247248 0.005262 0.005135 0.933089 0.359569
1743057424.479117 1452.480591 -39.682861 16.997295 -0.039931 0.021762 0.941318 0.334445
1743057425.512541 1449.689941 -37.856812 16.637806 -0.040505 0.027248 0.945898 0.320770
1743057426.512753 1446.826294 -36.065220 16.403175 -0.043252 0.027261 0.946996 0.317150
1743057427.579238 1443.631958 -34.007355 16.133564 -0.017961 0.019064 0.949752 0.311907
1743057428.579492 1441.026123 -32.218887 16.137033 0.001406 0.009196 0.953523 0.301177
1743057429.679509 1438.545532 -30.535444 16.123831 0.006590 0.010272 0.957855 0.286992
1743057430.746260 1436.324463 -29.542946 16.148890 0.024119 0.005700 0.951561 0.306459
1743057431.812749 1435.389893 -28.239105 16.458374 0.020464 0.010396 0.918985 0.393625
1743057432.879608 1435.111694 -26.867323 16.517967 0.017026 0.012640 0.856298 0.516047
1743057433.979490 1435.269897 -25.486925 16.540600 0.011364 0.014617 0.762588 0.646619
1743057434.979750 1435.714966 -24.274597 16.540834 0.004542 0.009850 0.654149 0.756288
1743057436.046243 1436.813599 -23.200573 16.507626 0.002918 0.005960 0.512982 0.858374
1743057437.046516 1438.095825 -22.577919 16.452316 0.000416 0.003632 0.364712 0.931113
1743057438.079734 1439.581421 -22.393602 16.423649 -0.001445 -0.001475 0.190642 0.981657
1743057439.179864 1441.234131 -22.881935 16.434731 0.000281 -0.002573 0.002556 0.999993
1743057440.246478 1442.189087 -23.530092 16.412109 0.006910 -0.005020 -0.133622 0.990996
1743057441.313237 1442.292603 -23.602306 16.436428 0.005893 -0.003444 -0.150471 0.988591
1743057442.346614 1442.019409 -23.365128 16.436174 0.008648 -0.001228 -0.105786 0.994351
1743057443.380019 1441.527466 -23.024738 16.418108 0.002305 -0.000915 -0.042882 0.999077
1743057444.446736 1440.881958 -22.940315 16.434212 -0.002376 0.001397 -0.022447 0.999744
1743057445.446738 1440.224243 -23.113445 16.375038 -0.000807 -0.003454 -0.058102 0.998304
1743057446.580225 1439.379028 -23.321537 16.429159 0.003884 -0.001647 -0.145041 0.989417
1743057447.613469 1438.523193 -23.333902 16.410362 -0.001088 -0.003482 -0.218646 0.975797
1743057448.680250 1437.663940 -23.228935 16.284428 -0.004469 -0.008955 -0.285389 0.958360
1743057449.746744 1436.903564 -23.015400 16.246523 0.000262 -0.011824 -0.348750 0.937141
1743057450.913640 1436.266968 -22.641968 16.277325 -0.002254 -0.010501 -0.380700 0.924636
1743057452.013493 1435.818115 -22.186676 16.240210 -0.000818 -0.010861 -0.373970 0.927377
1743057453.046870 1435.511719 -21.793568 16.231718 -0.002935 -0.010211 -0.354891 0.934847
1743057454.047114 1435.192871 -21.446173 16.246105 -0.001064 -0.009019 -0.351417 0.936175
1743057455.113641 1434.791382 -21.197884 16.194517 -0.001562 -0.010677 -0.350702 0.936425
1743057456.113950 1434.550903 -20.988838 16.183458 -0.001413 -0.010876 -0.351362 0.936175
1743057457.180360 1434.280396 -20.786428 16.163559 -0.000551 -0.012106 -0.350771 0.936383
1743057458.313738 1434.003784 -20.529415 16.157581 -0.001600 -0.013742 -0.351770 0.935984
1743057459.413862 1433.696167 -20.299070 16.134642 -0.001930 -0.012397 -0.351416 0.936136
1743057461.414330 1433.586182 -20.257498 16.238794 -0.000971 -0.008750 -0.350371 0.936570
1743057462.580766 1433.650146 -20.228495 16.138508 -0.001987 -0.011939 -0.351839 0.935982
1743057467.914239 1433.518311 -20.134354 16.190304 -0.050562 -0.139763 -0.346037 0.926374
1743057469.047612 1433.463989 -19.992584 16.200788 -0.074388 -0.237999 -0.272213 0.929367
1743057470.081006 1433.431763 -19.911219 16.158068 -0.034331 -0.283697 -0.178127 0.941599
1743057477.481119 1433.479614 -20.004480 16.236052 -0.074243 -0.232793 -0.293876 0.924084
1743057478.581388 1433.511353 -20.132906 16.204762 -0.037195 -0.127072 -0.348207 0.928020
1743057479.647860 1433.552612 -20.167585 16.155399 -0.002150 -0.021144 -0.355791 0.934324
1743057524.249602 1433.522827 -20.197315 16.151621 -0.028913 -0.083567 -0.390935 0.916160
1743057525.382984 1433.451660 -19.989695 16.120798 -0.088075 -0.187841 -0.329828 0.920963
1743057526.483128 1433.424561 -19.914185 16.151018 -0.038322 -0.269116 -0.250434 0.929188
